////////Airplane 0////////
Route 0
FO: -29.843451
fast_of: -29.843451
Válida: t
94 15 62 13 60 41 88 40 87 20 67 101
Route 1
FO: -142.882040
fast_of: -142.882040
Válida: t
94 15 62 11 58 13 60 0 41 47 88 17 64 18 7 65 54 40 87 20 67 1 48 101
Route 2
FO: -178.209507
fast_of: -178.209507
Válida: t
94 8 55 11 58 13 60 0 41 47 88 17 64 18 7 65 54 40 87 20 67 1 48 101
Route 3
FO: -127.776203
fast_of: -127.776203
Válida: t
94 101
Route 4
FO: -197.549563
fast_of: -197.549563
Válida: t
94 45 92 33 80 4 51 40 87 6 53 1 48 101
Route 5
FO: -165.769853
fast_of: -165.769853
Válida: t
94 45 92 10 57 33 80 4 51 40 87 6 53 1 48 101
Route 6
FO: -219.686413
fast_of: -219.686413
Válida: t
94 45 92 0 47 33 80 4 51 40 87 6 53 1 48 101
Route 7
FO: -17.122708
fast_of: -17.122708
Válida: t
94 15 62 8 55 45 92 17 64 21 68 7 54 40 87 20 67 101
Route 8
FO: -56.939144
fast_of: -56.939144
Válida: t
94 15 62 13 60 45 92 40 87 37 84 101
Route 9
FO: -123.968014
fast_of: -123.968014
Válida: t
94 15 62 11 58 46 93 22 69 17 64 40 87 31 78 1 48 101
Route 10
FO: -116.649606
fast_of: -116.649606
Válida: t
94 33 80 28 75 101
Route 11
FO: -166.350637
fast_of: -166.350637
Válida: t
94 17 64 18 65 40 87 4 51 1 48 101
Route 12
FO: -130.059534
fast_of: -130.059534
Válida: t
94 45 0 92 47 33 80 40 87 12 59 101
Route 13
FO: -123.335160
fast_of: -123.335160
Válida: t
94 16 63 41 88 40 87 20 67 101
Route 14
FO: -46.155571
fast_of: -46.155571
Válida: t
94 45 0 92 47 22 69 25 72 12 59 101
Route 15
FO: -70.441453
fast_of: -70.441453
Válida: t
94 13 60 22 69 40 87 101
Route 16
FO: -98.240264
fast_of: -98.240264
Válida: t
94 15 62 9 56 33 80 101
Route 17
FO: -60.523584
fast_of: -60.523584
Válida: t
94 11 58 45 92 35 82 33 80 25 72 40 87 101
Route 18
FO: -66.382653
fast_of: -66.382653
Válida: t
94 15 62 8 55 45 92 17 64 18 65 40 87 20 67 101
Route 19
FO: -68.969918
fast_of: -68.969918
Válida: t
94 15 62 16 63 21 68 17 64 101
Route 20
FO: -169.538542
fast_of: -169.538542
Válida: t
94 45 92 33 80 38 85 40 87 1 48 101
Route 21
FO: -13.335158
fast_of: -13.335158
Válida: t
94 15 62 13 60 22 69 17 64 40 87 31 78 101
Route 22
FO: -30.432488
fast_of: -30.432488
Válida: t
94 15 62 17 64 18 7 65 54 40 87 42 89 28 75 101
Route 23
FO: -88.360031
fast_of: -88.360031
Válida: t
94 16 63 13 60 41 88 40 87 20 67 101
Route 24
FO: -79.342140
fast_of: -79.342140
Válida: t
94 15 62 13 60 41 88 26 73 101
Route 25
FO: -15.162971
fast_of: -15.162971
Válida: t
94 15 62 23 70 45 92 17 64 20 67 101
Route 26
FO: 0.000000
fast_of: 0.000000
Válida: t
94 15 62 13 60 45 92 17 64 21 68 7 54 40 87 20 67 101
Route 27
FO: 0.000000
fast_of: 0.000000
Válida: t
94 15 62 13 60 17 64 38 85 7 54 40 87 20 67 32 79 101
Route 28
FO: 0.000000
fast_of: 0.000000
Válida: t
94 15 62 13 60 22 69 40 87 20 67 101
Route 29
FO: -0.000000
fast_of: -0.000000
Válida: t
94 15 62 13 60 41 46 93 88 40 87 20 67 101
Route 30
FO: -14.654863
fast_of: -14.654863
Válida: t
94 15 62 13 60 41 46 93 88 17 64 20 67 101
Route 31
FO: -51.345519
fast_of: -51.345519
Válida: t
94 41 88 17 64 7 54 12 59 20 3 50 67 101
Route 32
FO: 0.000000
fast_of: 0.000000
Válida: t
94 15 62 17 64 44 91 7 54 24 71 20 3 50 67 101
Route 33
FO: -49.700162
fast_of: -49.700162
Válida: t
94 10 57 33 80 5 52 40 87 20 67 101
Route 34
FO: -69.965557
fast_of: -69.965557
Válida: t
94 23 70 17 64 38 85 7 54 101
Route 35
FO: -16.060883
fast_of: -16.060883
Válida: t
94 15 62 17 64 7 54 12 59 42 89 28 75 101
Route 36
FO: -2.335348
fast_of: -2.335348
Válida: t
94 15 62 17 64 44 91 7 54 24 71 37 3 50 84 101
Route 37
FO: -51.947755
fast_of: -51.947755
Válida: t
94 11 58 44 91 7 54 24 71 37 3 50 84 101
Route 38
FO: -19.127717
fast_of: -19.127717
Válida: t
94 15 62 11 58 45 92 17 64 18 7 65 54 40 87 20 67 101
////////Airplane 1////////
Route 0
FO: -42.482890
fast_of: -42.482890
Válida: t
95 23 70 0 10 57 47 17 64 3 50 102
Route 1
FO: -66.597024
fast_of: -66.597024
Válida: t
95 23 70 0 10 57 41 47 88 17 64 14 61 3 6 53 50 102
Route 2
FO: -75.645189
fast_of: -75.645189
Válida: t
95 23 70 0 10 57 41 47 88 17 64 20 67 3 6 53 50 102
Route 3
FO: -200.856039
fast_of: -200.856039
Válida: t
95 102
Route 4
FO: -176.807834
fast_of: -176.807834
Válida: t
95 8 55 11 58 9 56 0 10 57 47 17 64 21 68 18 65 14 61 37 84 102
Route 5
FO: -128.220928
fast_of: -128.220928
Válida: t
95 8 55 11 58 9 56 0 10 57 47 17 64 21 68 31 18 65 78 19 14 61 37 84 66 102
Route 6
FO: -109.328058
fast_of: -109.328058
Válida: t
95 8 55 11 58 9 56 0 10 57 47 17 64 21 68 31 18 65 78 19 42 89 37 84 66 102
Route 7
FO: -202.166149
fast_of: -202.166149
Válida: t
95 8 55 9 56 0 47 17 64 21 68 7 54 102
Route 8
FO: -22.151773
fast_of: -22.151773
Válida: t
95 23 70 45 92 0 10 57 46 47 93 25 72 21 68 31 42 37 89 78 26 84 73 102
Route 9
FO: -162.751331
fast_of: -162.751331
Válida: t
95 0 10 57 47 31 78 3 50 102
Route 10
FO: -118.818354
fast_of: -118.818354
Válida: t
95 8 55 11 58 9 56 46 10 57 93 17 64 31 37 78 84 102
Route 11
FO: -129.976258
fast_of: -129.976258
Válida: t
95 23 70 9 56 46 93 3 6 53 50 102
Route 12
FO: -81.618229
fast_of: -81.618229
Válida: t
95 11 58 0 10 57 47 17 64 21 68 40 87 3 50 102
Route 13
FO: -17.052480
fast_of: -17.052480
Válida: t
95 16 63 11 58 0 10 57 46 93 47 17 64 24 18 71 65 4 51 40 87 3 37 84 26 73 50 32 79 102
Route 14
FO: -18.079059
fast_of: -18.079059
Válida: t
95 23 70 0 10 57 47 17 64 28 3 75 50 102
Route 15
FO: -164.354368
fast_of: -164.354368
Válida: t
95 11 58 9 56 0 47 22 69 21 68 18 42 65 89 26 73 102
Route 16
FO: -65.156957
fast_of: -65.156957
Válida: t
95 23 70 9 56 22 69 17 64 3 6 53 50 102
Route 17
FO: -58.287837
fast_of: -58.287837
Válida: t
95 11 58 9 56 0 10 57 47 17 64 21 68 42 89 28 26 75 73 102
Route 18
FO: -65.295019
fast_of: -65.295019
Válida: t
95 23 70 0 10 57 47 17 64 28 75 32 79 102
Route 19
FO: 0.000000
fast_of: 0.000000
Válida: t
95 23 70 0 10 57 46 93 47 17 64 14 61 3 26 50 73 102
Route 20
FO: -0.000000
fast_of: -0.000000
Válida: t
95 23 70 0 10 57 46 93 47 22 69 21 68 18 24 71 7 65 54 26 73 102
Route 21
FO: 0.000000
fast_of: 0.000000
Válida: t
95 23 70 0 10 57 47 22 69 17 64 19 37 84 66 102
Route 22
FO: -49.634458
fast_of: -49.634458
Válida: t
95 45 92 0 10 57 46 47 93 33 80 31 42 37 89 78 26 84 73 102
Route 23
FO: -87.320186
fast_of: -87.320186
Válida: t
95 23 70 0 10 57 47 17 64 44 91 42 89 26 73 102
Route 24
FO: -42.402518
fast_of: -42.402518
Válida: t
95 11 58 0 10 57 47 17 64 28 3 75 50 102
Route 25
FO: -7.249710
fast_of: -7.249710
Válida: t
95 11 58 0 10 57 47 17 64 21 68 42 24 71 89 28 3 75 50 102
Route 26
FO: -66.190609
fast_of: -66.190609
Válida: t
95 23 70 45 92 0 46 93 47 17 64 3 6 53 50 102
////////Airplane 2////////
Route 0
FO: -48.977035
fast_of: -48.977035
Válida: t
96 22 69 5 52 32 79 28 75 103
Route 1
FO: -92.019943
fast_of: -92.019943
Válida: t
96 41 88 22 69 5 52 32 79 28 75 103
Route 2
FO: -141.486463
fast_of: -141.486463
Válida: t
96 41 88 22 69 20 67 32 79 28 75 103
Route 3
FO: -133.520066
fast_of: -133.520066
Válida: t
96 103
Route 4
FO: -109.429797
fast_of: -109.429797
Válida: t
96 5 52 32 79 103
Route 5
FO: -195.258153
fast_of: -195.258153
Válida: t
96 41 88 32 79 103
Route 6
FO: -137.130180
fast_of: -137.130180
Válida: t
96 45 92 37 84 32 79 103
Route 7
FO: -92.339763
fast_of: -92.339763
Válida: t
96 16 63 22 69 31 78 28 75 103
Route 8
FO: -120.483040
fast_of: -120.483040
Válida: t
96 32 79 28 75 103
Route 9
FO: -113.261441
fast_of: -113.261441
Válida: t
96 16 63 32 79 28 75 103
Route 10
FO: -134.966962
fast_of: -134.966962
Válida: t
96 25 72 40 87 28 75 103
Route 11
FO: -128.661780
fast_of: -128.661780
Válida: t
96 16 63 9 56 30 77 33 80 103
Route 12
FO: -29.102901
fast_of: -29.102901
Válida: t
96 30 77 45 92 22 69 5 52 32 79 28 75 103
Route 13
FO: -147.550061
fast_of: -147.550061
Válida: t
96 22 69 19 66 1 48 28 75 103
Route 14
FO: -81.255971
fast_of: -81.255971
Válida: t
96 16 63 8 55 10 57 33 80 103
Route 15
FO: -118.151009
fast_of: -118.151009
Válida: t
96 16 63 22 69 1 48 28 75 103
Route 16
FO: -51.587871
fast_of: -51.587871
Válida: t
96 16 63 23 70 10 57 33 80 103
Route 17
FO: -75.138101
fast_of: -75.138101
Válida: t
96 5 52 32 79 28 75 103
Route 18
FO: -50.950757
fast_of: -50.950757
Válida: t
96 16 63 23 70 35 82 33 80 103
Route 19
FO: -16.671082
fast_of: -16.671082
Válida: t
96 16 63 30 77 45 92 22 69 5 52 32 79 28 75 103
Route 20
FO: -114.163401
fast_of: -114.163401
Válida: t
96 0 47 22 69 38 85 37 84 28 75 103
Route 21
FO: -79.125564
fast_of: -79.125564
Válida: t
96 16 63 35 82 33 80 37 84 103
Route 22
FO: 0.000000
fast_of: 0.000000
Válida: t
96 16 63 8 55 45 0 92 47 22 69 5 52 32 79 28 75 103
Route 23
FO: -0.000000
fast_of: -0.000000
Válida: t
96 16 63 45 0 92 47 22 69 5 52 12 59 28 75 103
Route 24
FO: -0.000000
fast_of: -0.000000
Válida: t
96 16 63 11 58 45 92 22 69 5 52 3 50 32 79 28 75 103
////////Airplane 3////////
Route 0
FO: -60.118536
fast_of: -60.118536
Válida: t
97 16 63 35 82 33 80 24 71 12 59 19 66 104
Route 1
FO: -37.276555
fast_of: -37.276555
Válida: t
97 16 63 35 82 33 80 27 74 24 71 12 59 19 66 104
Route 2
FO: -125.584195
fast_of: -125.584195
Válida: t
97 16 63 0 47 33 80 27 74 24 71 12 59 19 66 104
Route 3
FO: -192.385172
fast_of: -192.385172
Válida: t
97 104
Route 4
FO: -92.679839
fast_of: -92.679839
Válida: t
97 16 63 23 70 13 60 46 93 35 82 2 49 22 69 24 71 12 59 20 67 19 66 104
Route 5
FO: -8.162665
fast_of: -8.162665
Válida: t
97 16 63 15 62 23 70 13 60 46 10 57 93 35 82 2 49 22 69 44 91 24 71 12 59 20 67 19 3 50 66 32 79 104
Route 6
FO: -7.208086
fast_of: -7.208086
Válida: t
97 16 63 15 62 23 70 13 60 46 10 57 93 35 82 2 49 22 69 44 91 7 54 12 59 20 67 19 3 50 66 32 79 104
Route 7
FO: -74.505813
fast_of: -74.505813
Válida: t
97 16 63 8 55 45 92 35 82 33 80 27 74 24 71 7 54 20 67 104
Route 8
FO: -113.562424
fast_of: -113.562424
Válida: t
97 16 63 15 62 23 70 13 60 46 93 21 68 24 71 12 59 32 79 104
Route 9
FO: -117.050210
fast_of: -117.050210
Válida: t
97 16 63 35 82 33 80 27 74 31 78 12 59 104
Route 10
FO: -88.069932
fast_of: -88.069932
Válida: t
97 16 63 46 93 35 82 33 80 38 85 24 71 28 75 104
Route 11
FO: -104.948197
fast_of: -104.948197
Válida: t
97 35 82 33 80 18 24 71 65 104
Route 12
FO: -28.106623
fast_of: -28.106623
Válida: t
97 8 55 23 70 9 56 46 93 35 82 33 80 38 85 24 71 12 59 19 6 3 53 50 66 32 79 104
Route 13
FO: -61.300312
fast_of: -61.300312
Válida: t
97 16 63 23 70 9 56 46 93 35 82 17 64 24 71 12 59 104
Route 14
FO: -71.064491
fast_of: -71.064491
Válida: t
97 35 82 33 80 27 74 24 18 71 65 3 50 104
Route 15
FO: -39.931464
fast_of: -39.931464
Válida: t
97 16 63 23 70 13 60 46 93 35 82 2 49 22 69 44 91 7 54 12 59 28 3 50 75 104
Route 16
FO: -21.230688
fast_of: -21.230688
Válida: t
97 16 63 15 62 23 70 13 60 46 93 35 82 2 49 22 69 12 59 42 20 89 3 50 67 104
Route 17
FO: -14.142402
fast_of: -14.142402
Válida: t
97 46 93 35 82 33 80 27 74 24 71 19 3 50 66 104
Route 18
FO: -0.000000
fast_of: -0.000000
Válida: t
97 45 92 10 57 35 82 33 80 27 74 24 71 12 59 104
Route 19
FO: -40.258164
fast_of: -40.258164
Válida: t
97 16 63 15 62 13 60 46 10 57 93 35 82 2 49 22 69 44 91 24 71 12 59 19 3 50 66 1 48 104
Route 20
FO: -68.731966
fast_of: -68.731966
Válida: t
97 16 63 35 82 33 80 38 85 12 59 104
Route 21
FO: 0.000000
fast_of: 0.000000
Válida: t
97 16 63 23 70 45 92 46 93 35 82 2 49 22 69 12 59 24 71 20 3 50 67 104
Route 22
FO: -15.384973
fast_of: -15.384973
Válida: t
97 16 63 23 70 13 60 46 10 57 0 93 47 22 69 12 59 24 71 19 3 50 66 1 48 104
Route 23
FO: -86.423747
fast_of: -86.423747
Válida: t
97 35 82 33 80 27 74 24 18 71 65 40 87 42 89 104
Route 24
FO: -79.078660
fast_of: -79.078660
Válida: t
97 16 63 35 82 33 80 12 59 28 75 104
Route 25
FO: -25.556542
fast_of: -25.556542
Válida: t
97 35 82 33 80 27 74 24 71 12 59 104
Route 26
FO: -9.505531
fast_of: -9.505531
Válida: t
97 46 93 35 82 33 80 27 74 24 71 28 3 50 75 32 79 104
Route 27
FO: -34.585873
fast_of: -34.585873
Válida: t
97 46 93 35 82 33 80 24 71 12 59 28 75 32 79 104
Route 28
FO: -29.412934
fast_of: -29.412934
Válida: t
97 16 63 23 70 13 60 46 10 57 93 35 82 2 49 22 69 44 91 24 71 12 59 19 26 73 66 32 79 104
Route 29
FO: -19.591032
fast_of: -19.591032
Válida: t
97 16 63 23 70 10 57 46 93 0 47 2 49 22 69 44 91 7 54 12 59 20 67 19 3 50 66 32 79 104
Route 30
FO: -38.400625
fast_of: -38.400625
Válida: t
97 35 82 33 80 27 74 24 71 37 42 89 84 104
Route 31
FO: -39.812861
fast_of: -39.812861
Válida: t
97 35 82 33 80 12 59 24 71 42 89 28 75 104
Route 32
FO: 0.000000
fast_of: 0.000000
Válida: t
97 16 63 23 70 9 56 46 93 35 82 33 80 27 38 85 12 59 74 24 71 19 26 73 66 32 79 104
Route 33
FO: -96.948967
fast_of: -96.948967
Válida: t
97 16 63 8 55 35 82 2 49 22 69 12 59 24 71 104
Route 34
FO: -2.138598
fast_of: -2.138598
Válida: t
97 35 82 33 80 27 74 24 71 20 3 50 67 32 79 104
Route 35
FO: -34.255959
fast_of: -34.255959
Válida: t
97 16 63 35 82 33 80 27 74 24 71 12 59 104
Route 36
FO: -13.197201
fast_of: -13.197201
Válida: t
97 35 82 33 80 27 12 59 74 24 71 37 84 104
Route 37
FO: -3.802702
fast_of: -3.802702
Válida: t
97 35 82 33 80 12 59 24 71 3 26 73 50 32 79 104
Route 38
FO: -0.000000
fast_of: -0.000000
Válida: t
97 16 63 15 62 23 70 10 57 35 82 2 49 22 69 12 59 24 71 42 19 89 3 50 66 1 48 104
Route 39
FO: -13.594468
fast_of: -13.594468
Válida: t
97 35 82 33 80 27 74 24 71 12 59 42 37 89 84 104
Route 40
FO: -2.738147
fast_of: -2.738147
Válida: t
97 11 58 10 57 35 82 33 80 27 74 24 71 12 59 104
Route 41
FO: 0.000000
fast_of: 0.000000
Válida: t
97 35 82 33 80 27 74 24 42 89 71 37 3 50 84 104
Route 42
FO: -71.344396
fast_of: -71.344396
Válida: t
97 16 63 35 82 33 80 27 74 24 42 71 89 19 66 104
Route 43
FO: -0.000000
fast_of: -0.000000
Válida: t
97 16 63 23 70 35 82 33 80 27 38 85 12 59 74 24 71 28 75 32 79 104
Route 44
FO: -16.934113
fast_of: -16.934113
Válida: t
97 45 92 35 82 33 80 27 12 59 74 24 71 42 89 28 75 104
Route 45
FO: -35.228832
fast_of: -35.228832
Válida: t
97 16 63 23 70 46 93 35 82 22 69 44 91 7 54 12 59 37 3 50 84 104
Route 46
FO: -0.000000
fast_of: -0.000000
Válida: t
97 11 58 0 46 47 93 22 69 17 64 24 71 7 54 12 59 19 3 50 66 32 79 104
Route 47
FO: 0.000000
fast_of: 0.000000
Válida: t
97 11 58 35 82 33 80 27 74 24 71 37 3 50 84 104
////////Airplane 4////////
Route 0
FO: 0.000000
fast_of: 0.000000
Válida: t
98 9 56 7 31 78 54 4 51 105
Route 1
FO: -66.433769
fast_of: -66.433769
Válida: t
98 9 56 0 41 47 88 7 31 78 54 4 51 105
Route 2
FO: -123.853904
fast_of: -123.853904
Válida: t
98 11 58 0 41 47 88 7 31 78 54 20 67 105
Route 3
FO: -110.311125
fast_of: -110.311125
Válida: t
98 105
Route 4
FO: -70.269819
fast_of: -70.269819
Válida: t
98 26 73 3 50 105
Route 5
FO: -118.606171
fast_of: -118.606171
Válida: t
98 26 73 1 48 105
Route 6
FO: -76.690308
fast_of: -76.690308
Válida: t
98 33 80 7 31 78 54 105
Route 7
FO: -55.843240
fast_of: -55.843240
Válida: t
98 26 3 73 50 105
Route 8
FO: -116.904736
fast_of: -116.904736
Válida: t
98 33 80 38 85 31 78 105
Route 9
FO: -143.430038
fast_of: -143.430038
Válida: t
98 18 65 105
Route 10
FO: -29.647259
fast_of: -29.647259
Válida: t
98 9 56 7 54 12 59 105
Route 11
FO: -55.713694
fast_of: -55.713694
Válida: t
98 26 3 50 73 105
Route 12
FO: -55.483101
fast_of: -55.483101
Válida: t
98 9 56 40 87 12 59 28 75 105
Route 13
FO: -21.685686
fast_of: -21.685686
Válida: t
98 16 63 11 58 9 56 22 69 17 64 38 85 40 87 12 59 28 75 105
Route 14
FO: -47.557257
fast_of: -47.557257
Válida: t
98 9 56 7 54 24 71 105
Route 15
FO: -82.549676
fast_of: -82.549676
Válida: t
98 45 92 10 57 46 41 93 88 7 54 4 51 1 48 105
Route 16
FO: -105.345071
fast_of: -105.345071
Válida: t
98 9 56 1 48 28 75 105
Route 17
FO: -114.275064
fast_of: -114.275064
Válida: t
98 0 47 7 31 78 54 1 48 105
Route 18
FO: -32.200239
fast_of: -32.200239
Válida: t
98 16 63 9 56 25 72 17 64 38 85 12 59 105
Route 19
FO: -37.010799
fast_of: -37.010799
Válida: t
98 9 56 7 18 65 54 4 51 105
Route 20
FO: -54.656549
fast_of: -54.656549
Válida: t
98 45 92 0 47 7 31 78 54 26 73 105
Route 21
FO: 0.000000
fast_of: 0.000000
Válida: t
98 9 56 25 72 17 64 38 85 12 59 28 75 105
Route 22
FO: 0.000000
fast_of: 0.000000
Válida: t
98 9 56 7 31 78 54 4 51 40 87 105
Route 23
FO: -38.464881
fast_of: -38.464881
Válida: t
98 9 56 7 54 3 50 105
Route 24
FO: 0.000000
fast_of: 0.000000
Válida: t
98 9 56 22 69 17 64 38 85 12 59 3 50 105
Route 25
FO: -41.860661
fast_of: -41.860661
Válida: t
98 15 62 44 91 7 31 78 54 4 51 105
Route 26
FO: -24.606655
fast_of: -24.606655
Válida: t
98 17 64 38 85 7 31 78 54 4 51 105
Route 27
FO: -31.031186
fast_of: -31.031186
Válida: t
98 11 58 9 56 25 72 17 64 38 85 24 71 105
Route 28
FO: -11.709373
fast_of: -11.709373
Válida: t
98 11 58 9 56 25 72 17 64 12 59 105
Route 29
FO: -25.428102
fast_of: -25.428102
Válida: t
98 11 58 9 56 25 72 17 64 7 54 105
Route 30
FO: 0.000000
fast_of: 0.000000
Válida: t
98 45 92 10 57 17 64 7 31 78 54 4 51 105
////////Airplane 5////////
Route 0
FO: -51.162135
fast_of: -51.162135
Válida: t
99 8 55 11 58 21 68 44 91 18 42 65 89 37 84 1 48 106
Route 1
FO: -77.496285
fast_of: -77.496285
Válida: t
99 8 55 11 58 0 41 47 88 21 68 44 91 18 42 65 89 19 37 84 66 1 48 106
Route 2
FO: -116.432591
fast_of: -116.432591
Válida: t
99 8 55 11 58 0 41 47 88 21 68 44 91 18 31 65 78 19 37 84 66 1 48 106
Route 3
FO: -185.979230
fast_of: -185.979230
Válida: t
99 106
Route 4
FO: -223.395258
fast_of: -223.395258
Válida: t
99 41 88 44 91 42 89 28 75 106
Route 5
FO: -230.649136
fast_of: -230.649136
Válida: t
99 0 41 47 88 44 91 18 42 65 89 28 75 106
Route 6
FO: -267.967221
fast_of: -267.967221
Válida: t
99 0 41 47 88 17 64 7 31 54 78 1 48 106
Route 7
FO: -150.323788
fast_of: -150.323788
Válida: t
99 8 55 33 80 44 91 42 7 54 89 106
Route 8
FO: -134.719579
fast_of: -134.719579
Válida: t
99 23 70 45 92 31 7 54 78 106
Route 9
FO: -117.608265
fast_of: -117.608265
Válida: t
99 8 55 11 58 21 68 44 91 31 42 89 78 1 48 106
Route 10
FO: -183.425773
fast_of: -183.425773
Válida: t
99 46 93 33 80 106
Route 11
FO: -183.306876
fast_of: -183.306876
Válida: t
99 23 70 18 65 106
Route 12
FO: -67.693378
fast_of: -67.693378
Válida: t
99 8 55 11 58 9 56 46 93 25 72 18 42 65 89 19 3 50 66 106
Route 13
FO: -156.075515
fast_of: -156.075515
Válida: t
99 11 58 0 46 47 93 21 68 44 91 18 31 65 78 106
Route 14
FO: -206.185743
fast_of: -206.185743
Válida: t
99 16 63 11 58 0 41 47 88 21 68 44 91 18 65 19 37 84 66 1 48 106
Route 15
FO: -109.588417
fast_of: -109.588417
Válida: t
99 8 55 11 58 0 41 47 88 25 72 44 91 18 65 19 37 84 66 1 48 106
Route 16
FO: -94.034928
fast_of: -94.034928
Válida: t
99 8 55 11 58 0 41 47 88 25 72 44 91 19 3 50 66 1 48 106
Route 17
FO: -168.778067
fast_of: -168.778067
Válida: t
99 23 70 33 80 21 68 18 42 65 89 1 48 106
Route 18
FO: -60.564386
fast_of: -60.564386
Válida: t
99 11 58 21 68 17 64 19 37 84 66 1 48 106
Route 19
FO: -32.085091
fast_of: -32.085091
Válida: t
99 8 55 11 58 22 69 25 72 18 42 65 89 19 3 50 66 1 48 106
Route 20
FO: -116.234513
fast_of: -116.234513
Válida: t
99 8 55 11 58 0 47 21 68 44 91 18 42 65 89 20 67 1 48 106
Route 21
FO: -67.164221
fast_of: -67.164221
Válida: t
99 8 55 11 58 25 72 17 64 44 91 18 42 65 89 20 67 1 48 106
Route 22
FO: -74.991848
fast_of: -74.991848
Válida: t
99 8 55 46 41 93 88 25 72 12 59 19 26 73 66 1 48 106
Route 23
FO: -77.536640
fast_of: -77.536640
Válida: t
99 8 55 33 80 21 68 44 91 18 31 65 78 19 37 84 26 66 1 73 48 106
Route 24
FO: 0.000000
fast_of: 0.000000
Válida: t
99 8 55 11 58 25 72 21 68 44 91 31 18 42 65 78 89 19 37 84 66 1 48 106
Route 25
FO: -81.304807
fast_of: -81.304807
Válida: t
99 8 55 11 58 0 41 47 88 25 72 44 91 19 37 84 26 66 1 73 48 106
Route 26
FO: -99.349972
fast_of: -99.349972
Válida: t
99 8 55 11 58 0 47 44 91 24 42 71 89 20 67 26 73 1 48 106
Route 27
FO: -118.692769
fast_of: -118.692769
Válida: t
99 8 55 33 80 18 42 65 89 37 84 106
Route 28
FO: -67.796247
fast_of: -67.796247
Válida: t
99 8 55 46 93 21 68 44 91 42 89 19 37 84 66 1 48 106
Route 29
FO: -46.901511
fast_of: -46.901511
Válida: t
99 8 55 11 58 9 56 44 91 18 42 65 89 19 37 84 66 1 48 106
Route 30
FO: -0.000000
fast_of: -0.000000
Válida: t
99 23 70 10 57 35 82 33 80 21 68 44 91 18 24 71 42 65 89 37 84 26 73 1 48 106
Route 31
FO: -43.077334
fast_of: -43.077334
Válida: t
99 8 55 11 58 21 68 44 91 42 89 19 37 84 66 1 48 106
Route 32
FO: 0.000000
fast_of: 0.000000
Válida: t
99 8 55 11 58 45 92 0 10 57 41 47 88 25 72 12 59 19 37 84 26 66 1 73 48 106
Route 33
FO: -0.000000
fast_of: -0.000000
Válida: t
99 8 55 11 58 0 10 57 41 47 88 25 72 21 68 44 91 18 42 65 89 19 3 50 66 1 48 106
Route 34
FO: -23.561168
fast_of: -23.561168
Válida: t
99 8 55 11 58 21 68 44 91 7 54 19 37 84 26 66 73 106
Route 35
FO: -32.404551
fast_of: -32.404551
Válida: t
99 8 55 11 58 21 68 44 91 24 71 19 37 84 66 1 48 106
Route 36
FO: -11.087263
fast_of: -11.087263
Válida: t
99 8 55 11 58 21 68 44 91 42 24 71 89 19 37 84 66 1 48 106
Route 37
FO: -6.997310
fast_of: -6.997310
Válida: t
99 8 55 11 58 25 72 17 64 44 91 18 42 65 89 19 37 84 66 1 48 106
Route 38
FO: -33.638338
fast_of: -33.638338
Válida: t
99 8 55 11 58 17 64 21 68 44 91 18 42 65 89 37 84 106
////////Airplane 6////////
Route 0
FO: -74.688483
fast_of: -74.688483
Válida: t
100 25 72 38 85 26 73 107
Route 1
FO: -73.647970
fast_of: -73.647970
Válida: t
100 29 76 25 72 38 85 26 73 107
Route 2
FO: -74.110294
fast_of: -74.110294
Válida: t
100 41 88 25 72 38 85 26 73 107
Route 3
FO: -151.658266
fast_of: -151.658266
Válida: t
100 107
Route 4
FO: -158.435733
fast_of: -158.435733
Válida: t
100 15 62 29 76 34 81 25 72 38 85 7 54 31 78 107
Route 5
FO: -173.424882
fast_of: -173.424882
Válida: t
100 15 62 41 88 34 81 25 72 38 85 7 54 31 78 107
Route 6
FO: -148.575953
fast_of: -148.575953
Válida: t
100 33 80 107
Route 7
FO: -50.405550
fast_of: -50.405550
Válida: t
100 45 92 25 72 38 85 26 73 107
Route 8
FO: -69.952619
fast_of: -69.952619
Válida: t
100 11 58 38 85 26 73 107
Route 9
FO: -120.165201
fast_of: -120.165201
Válida: t
100 46 93 33 80 28 75 107
Route 10
FO: -30.984474
fast_of: -30.984474
Válida: t
100 17 64 25 72 38 85 26 73 107
Route 11
FO: -99.292787
fast_of: -99.292787
Válida: t
100 25 72 38 85 3 50 107
Route 12
FO: -57.751542
fast_of: -57.751542
Válida: t
100 45 92 17 64 38 85 12 59 3 50 107
Route 13
FO: -64.241813
fast_of: -64.241813
Válida: t
100 45 92 17 64 12 59 26 73 107
Route 14
FO: -89.797992
fast_of: -89.797992
Válida: t
100 45 92 33 80 26 73 107
Route 15
FO: -83.452383
fast_of: -83.452383
Válida: t
100 22 69 25 72 38 85 107
Route 16
FO: -65.556986
fast_of: -65.556986
Válida: t
100 33 80 38 85 26 73 107
Route 17
FO: -55.561058
fast_of: -55.561058
Válida: t
100 33 80 25 72 38 85 26 73 107
Route 18
FO: -37.382269
fast_of: -37.382269
Válida: t
100 23 70 25 72 38 85 26 73 107
Route 19
FO: -64.422969
fast_of: -64.422969
Válida: t
100 23 70 45 92 21 68 25 72 38 24 71 85 5 52 1 26 48 3 50 73 107
Route 20
FO: -0.000000
fast_of: -0.000000
Válida: t
100 23 70 33 80 25 72 38 85 26 3 50 73 107
Route 21
FO: -52.797642
fast_of: -52.797642
Válida: t
100 13 60 33 80 25 72 26 73 107
Route 22
FO: -35.447478
fast_of: -35.447478
Válida: t
100 11 58 25 72 38 85 26 28 75 73 107
Route 23
FO: -42.070574
fast_of: -42.070574
Válida: t
100 15 62 25 72 38 85 26 73 107
Route 24
FO: -77.101868
fast_of: -77.101868
Válida: t
100 33 80 38 85 26 28 75 73 107
Route 25
FO: -81.716112
fast_of: -81.716112
Válida: t
100 22 69 25 72 38 85 37 84 107
Route 26
FO: 0.000000
fast_of: 0.000000
Válida: t
100 13 60 22 69 25 72 38 85 26 73 107
Route 27
FO: -46.926342
fast_of: -46.926342
Válida: t
100 17 64 38 85 26 73 107
Route 28
FO: -63.906791
fast_of: -63.906791
Válida: t
100 45 92 33 80 38 85 26 73 107
Route 29
FO: -20.519992
fast_of: -20.519992
Válida: t
100 22 69 12 59 3 26 50 73 107
Route 30
FO: -0.000000
fast_of: -0.000000
Válida: t
100 23 70 17 64 25 72 26 3 50 73 107
Route 31
FO: -58.471224
fast_of: -58.471224
Válida: t
100 17 64 38 85 26 28 75 73 107
Route 32
FO: 0.000000
fast_of: 0.000000
Válida: t
100 13 60 22 69 17 64 38 18 65 85 5 52 12 59 26 3 50 73 107
Route 33
FO: -0.000000
fast_of: -0.000000
Válida: t
100 23 70 35 82 33 80 38 85 26 73 107
