Airplane 0

Airplane 1
FO: -185.249318
fast_of: -185.249318
V치lida: t
95 7 54 40 87 3 50 102
Utility: 231.996971

Airplane 2

Airplane 3

Airplane 4
FO: -0.225688
fast_of: 10.639795
V치lida: t
98 16 63 13 60 46 93 35 82 33 80 38 5 52 85 4 51 105
Utility: 907.468527

Airplane 5
FO: 0.000000
fast_of: 9.754102
V치lida: t
99 8 55 11 58 9 56 41 88 25 72 17 64 18 24 71 65 12 59 19 37 84 66 1 48 106
Utility: 3379.559509

Airplane 6
FO: -0.000000
fast_of: -0.000000
V치lida: t
100 15 62 23 70 45 92 0 47 22 69 21 68 44 91 31 42 89 20 78 67 32 79 26 73 107
Utility: 2652.941497

