Airplane 0
FO: -91.243476
fast_of: -91.243476
Válida: t
94 8 55 23 70 45 92 41 88 25 72 38 85 31 7 54 78 101
Utility: 2063.701958

Airplane 1

Airplane 2
FO: -55.143287
fast_of: -55.143287
Válida: t
96 5 52 37 84 32 79 28 75 103
Utility: 338.341737

Airplane 3
FO: -57.068064
fast_of: -57.068064
Válida: t
97 16 63 11 58 9 56 0 47 35 82 21 68 17 64 27 74 18 65 12 59 20 67 104
Utility: 2325.862816

Airplane 4
FO: -78.374937
fast_of: -78.374937
Válida: t
98 26 1 73 48 105
Utility: 663.163750

Airplane 5
FO: -202.275472
fast_of: -202.275472
Válida: t
99 33 80 44 91 24 71 42 89 14 61 19 3 50 66 106
Utility: 1009.425689

Airplane 6
FO: -264.884355
fast_of: -264.884355
Válida: t
100 15 62 29 76 39 86 30 77 10 57 46 93 2 49 22 69 34 81 107
Utility: 111.385660

