Airplane 0

Airplane 1
FO: -141.431639
fast_of: -141.431639
V치lida: t
95 8 55 11 58 9 56 10 57 46 93 2 49 22 69 21 68 27 74 18 65 19 3 6 53 50 66 102
Utility: 1837.698809

Airplane 2

Airplane 3

Airplane 4
FO: 0.000000
fast_of: 0.000000
V치lida: t
98 33 80 7 31 78 54 40 87 105
Utility: 1007.775811

Airplane 5
FO: -252.884396
fast_of: -207.545253
V치lida: t
99 16 63 45 92 0 41 47 88 44 91 24 42 71 89 37 84 1 48 106
Utility: 2474.177710

Airplane 6
FO: 0.000000
fast_of: 0.000000
V치lida: t
100 17 64 25 72 38 85 12 59 20 67 28 26 75 73 107
Utility: 1347.625621

