Airplane 0
FO: 0.000000
fast_of: 12.131960
V치lida: t
94 16 63 15 62 23 30 70 77 46 93 35 82 33 80 38 85 31 7 54 5 52 78 19 26 73 66 32 79 101
Utility: 2401.692894

Airplane 1

Airplane 2
FO: -189.559508
fast_of: -189.559508
V치lida: t
96 18 65 37 84 28 75 103
Utility: 392.945958

Airplane 3

Airplane 4

Airplane 5
FO: -87.810761
fast_of: -87.810761
V치lida: t
99 8 55 13 60 45 92 41 88 17 64 44 91 24 71 42 89 20 67 1 48 106
Utility: 2634.179354

Airplane 6
FO: -24.486697
fast_of: -24.486697
V치lida: t
100 11 58 9 56 0 47 22 69 25 72 107
Utility: 1196.000060

