Airplane 0
FO: -23.871906
fast_of: -23.871906
Válida: t
94 15 62 13 60 45 92 40 87 20 67 101
Utility: 887.675014

Airplane 1
FO: -83.143083
fast_of: -83.143083
Válida: t
95 23 70 10 57 46 93 3 6 53 50 102
Utility: 364.408825

Airplane 2
FO: -140.944592
fast_of: -140.944592
Válida: t
96 25 72 32 79 28 75 103
Utility: 223.688943

Airplane 3
FO: -81.378700
fast_of: -81.378700
Válida: t
97 16 63 35 82 33 80 27 74 24 71 12 59 19 66 104
Utility: 1181.618104

Airplane 4
FO: 0.000000
fast_of: 0.000000
Válida: t
98 9 56 0 41 47 88 7 31 78 54 4 51 105
Utility: 1937.851922

Airplane 5
FO: -17.683240
fast_of: -17.683240
Válida: t
99 8 55 11 58 21 68 44 91 18 42 65 89 37 84 1 48 106
Utility: 1925.506059

Airplane 6
FO: -45.023377
fast_of: -45.023377
Válida: t
100 22 69 17 64 38 85 26 73 107
Utility: 604.859945

