Airplane 0
94 15 62 23 70 13 60 41 46 93 88 40 87 20 67 101
Tiempos:
(0.000000, 30.685709) (36.000000, 36.000000) (45.624091, 45.624091) (70.850291, 70.850291) (109.363241, 109.363241) (138.009610, 138.009610) (150.031322, 222.446127) (239.000000, 239.000000) (246.587471, 246.587471) (269.557027, 269.557027) (296.053182, 434.541842) (446.000000, 446.000000) (466.041120, 466.041120) (483.904177, 483.904177) (524.642968, 524.642968) (546.841128, 546.841128) 
Utility: 1793.946046

Airplane 1
95 45 92 0 10 57 47 17 64 3 50 102
Tiempos:
(0.000000, 99.636778) (102.000000, 102.000000) (139.703455, 157.418982) (175.000000, 175.000000) (193.680829, 193.680829) (197.734895, 197.734895) (232.050625, 272.753309) (293.000000, 293.000000) (316.818236, 512.374288) (529.000000, 529.000000) (549.425750, 549.425750) (561.079950, 561.079950) 
Utility: 1067.749091

Airplane 2
96 22 69 5 52 32 79 28 75 103
Tiempos:
(0.000000, 214.892545) (267.000000, 267.000000) (306.733843, 426.372274) (436.000000, 436.000000) (439.692289, 552.071152) (562.000000, 562.000000) (585.303511, 585.303511) (603.686830, 603.686830) (637.466610, 637.466610) (656.103775, 656.103775) 
Utility: 332.457064

Airplane 3
97 16 63 35 82 33 80 27 74 24 71 12 59 19 66 104
Tiempos:
(0.000000, 0.000000) (26.509404, 26.509404) (61.351958, 230.733259) (251.000000, 251.000000) (257.948144, 269.280252) (283.000000, 283.000000) (323.947598, 368.819816) (378.000000, 378.000000) (414.026619, 414.026619) (417.359997, 417.359997) (434.544980, 434.544980) (450.546040, 450.546040) (467.429191, 482.069415) (496.000000, 496.000000) (538.177142, 538.177142) (582.068747, 582.068747) 
Utility: 1181.618104

Airplane 4
98 9 56 7 31 78 54 4 51 105
Tiempos:
(0.000000, 90.681745) (96.000000, 96.000000) (125.519511, 380.325765) (414.000000, 414.000000) (425.446898, 425.446898) (453.304254, 453.304254) (469.353353, 469.353353) (479.106164, 479.106164) (480.227852, 480.227852) (496.355669, 496.355669) 
Utility: 681.114330

Airplane 5
99 8 55 11 58 21 68 44 91 18 42 65 89 37 84 1 48 106
Tiempos:
(0.000000, 18.975761) (28.000000, 28.000000) (57.527237, 57.527237) (68.314274, 68.314274) (111.662198, 277.426204) (299.000000, 299.000000) (320.754686, 359.237326) (371.000000, 371.000000) (380.191624, 390.158146) (402.000000, 444.476471) (451.000000, 451.000000) (471.204547, 471.204547) (495.583764, 495.583764) (505.718928, 505.718928) (538.587815, 538.587815) (568.438688, 568.438688) (609.173650, 609.173650) (623.022341, 623.022341) 
Utility: 1925.506059

Airplane 6
100 29 76 25 72 38 85 26 73 107
Tiempos:
(0.000000, 54.855892) (64.000000, 64.000000) (82.714023, 287.886160) (300.000000, 300.000000) (317.579228, 368.302082) (388.000000, 388.000000) (410.632187, 534.422941) (538.000000, 538.000000) (555.030862, 555.030862) (560.608299, 560.608299) 
Utility: 285.897337

Total utility: 7268.288032
Tiempo total: 3.350685s
Corridas internas: 6
