Airplane 0
FO: -18.183899
fast_of: -18.183899
V치lida: t
94 13 60 45 92 41 88 25 72 38 85 7 54 20 3 50 67 101
Utility: 1947.121341

Airplane 1
FO: -133.554089
fast_of: -110.196763
V치lida: t
95 16 63 11 58 9 56 10 57 46 93 22 69 44 91 40 87 1 48 28 75 102
Utility: 1601.980961

Airplane 2

Airplane 3

Airplane 4

Airplane 5
FO: -143.695782
fast_of: -143.695782
V치lida: t
99 17 64 18 42 65 89 19 66 106
Utility: 866.403965

Airplane 6
FO: -162.333688
fast_of: -162.333688
V치lida: t
100 8 55 15 62 23 30 70 77 0 47 33 80 31 37 78 84 26 73 107
Utility: 2106.374758

