Airplane 0
FO: -121.658056
fast_of: -121.658056
Válida: t
94 8 55 13 60 45 92 41 88 25 72 18 65 7 54 37 84 1 48 101
Utility: 2414.726698

Airplane 1
FO: -0.000000
fast_of: 28.954291
Válida: t
95 16 63 11 58 9 56 10 57 2 49 22 69 17 64 44 91 31 42 78 89 19 3 6 53 50 66 102
Utility: 1922.235164

Airplane 2
FO: -85.862248
fast_of: -85.862248
Válida: t
96 5 52 12 59 20 67 32 79 26 73 103
Utility: 786.489654

Airplane 3

Airplane 4
FO: -107.510601
fast_of: -107.510601
Válida: t
98 40 87 28 75 105
Utility: 110.257227

Airplane 5

Airplane 6
FO: -117.147758
fast_of: -117.147758
Válida: t
100 15 62 23 30 70 77 0 47 33 80 21 68 107
Utility: 1279.168632

