Airplane 0
FO: 0.000000
fast_of: 0.000000
V치lida: t
94 15 62 13 60 41 88 40 87 20 67 101
Utility: 1398.872608

Airplane 1

Airplane 2
FO: -0.000000
fast_of: -0.000000
V치lida: t
96 16 63 45 92 25 72 7 54 5 52 32 79 28 75 103
Utility: 904.241242

Airplane 3

Airplane 4

Airplane 5
FO: 0.000000
fast_of: 16.106170
V치lida: t
99 8 55 11 58 9 56 0 10 57 46 93 47 17 64 21 68 44 91 31 18 42 65 78 89 19 37 84 66 1 48 106
Utility: 3951.566024

Airplane 6
FO: 0.000000
fast_of: 0.000000
V치lida: t
100 23 70 35 82 33 80 38 85 12 59 3 26 50 73 107
Utility: 1086.476454

