Airplane 0

Airplane 1
FO: -93.790497
fast_of: -93.790497
Válida: t
95 23 70 0 10 57 47 17 64 3 50 102
Utility: 1062.614880

Airplane 2
FO: -82.854192
fast_of: -82.854192
Válida: t
96 30 77 45 92 22 69 20 67 32 79 28 75 103
Utility: 1088.935720

Airplane 3
FO: -39.169248
fast_of: -39.169248
Válida: t
97 16 63 35 82 33 80 27 74 24 71 12 59 19 66 104
Utility: 1181.618104

Airplane 4
FO: 0.000000
fast_of: 0.000000
Válida: t
98 9 56 41 46 93 88 7 31 78 54 4 51 105
Utility: 1522.643419

Airplane 5
FO: -26.597059
fast_of: -26.597059
Válida: t
99 8 55 11 58 21 68 44 91 18 42 65 89 37 84 1 48 106
Utility: 1925.506059

Airplane 6
FO: -41.641730
fast_of: -41.641730
Válida: t
100 29 76 25 72 38 85 26 73 107
Utility: 285.897337

