Airplane 0
FO: -0.000000
fast_of: 10.975777
Válida: t
94 15 62 13 60 22 69 40 87 20 67 101
Utility: 861.490378

Airplane 1
FO: 0.000000
fast_of: 0.000000
Válida: t
95 45 92 10 57 46 93 17 64 14 61 3 6 53 50 102
Utility: 630.248200

Airplane 2
FO: -25.299640
fast_of: -25.299640
Válida: t
96 5 52 32 79 28 75 103
Utility: 163.930019

Airplane 3
FO: 0.000000
fast_of: 0.000000
Válida: t
97 16 63 35 82 33 80 27 74 24 71 12 59 19 66 104
Utility: 1181.618104

Airplane 4
FO: -56.760216
fast_of: -56.760216
Válida: t
98 9 56 0 41 47 88 7 31 78 54 4 51 105
Utility: 1937.851922

Airplane 5
FO: 0.000000
fast_of: 0.000000
Válida: t
99 8 55 11 58 21 68 44 91 18 42 65 89 37 84 1 48 106
Utility: 1925.506059

Airplane 6
FO: 0.000000
fast_of: 0.000000
Válida: t
100 23 70 25 72 38 85 26 73 107
Utility: 521.487888

