Airplane 0
FO: -114.130249
fast_of: -114.130249
Válida: t
94 8 55 13 60 45 92 41 88 25 72 38 85 18 7 65 54 14 61 19 66 101
Utility: 2208.784170

Airplane 1
FO: -196.766604
fast_of: -196.766604
Válida: t
95 11 58 102
Utility: 130.508723

Airplane 2
FO: -140.230860
fast_of: -140.230860
Válida: t
96 40 87 12 59 103
Utility: 7.299495

Airplane 3
FO: -21.020082
fast_of: -21.020082
Válida: t
97 16 63 23 70 9 56 0 47 22 69 17 64 27 74 24 71 5 52 4 51 28 75 32 79 104
Utility: 1627.624752

Airplane 4

Airplane 5
FO: -98.121522
fast_of: -63.937851
Válida: t
99 10 57 46 93 35 82 33 80 21 68 44 91 31 42 89 20 78 67 3 50 1 48 106
Utility: 2472.582637

Airplane 6

