Airplane 0

Airplane 1
FO: -94.124942
fast_of: -94.124942
Válida: t
95 23 70 0 10 57 41 47 88 17 64 20 67 3 6 53 50 102
Utility: 2313.643491

Airplane 2
FO: -81.349554
fast_of: -81.349554
Válida: t
96 30 77 45 92 46 93 5 52 32 79 28 75 103
Utility: 537.915560

Airplane 3
FO: -61.446951
fast_of: -61.446951
Válida: t
97 16 63 35 82 33 80 27 74 24 71 12 59 19 66 104
Utility: 1181.618104

Airplane 4
FO: -29.970405
fast_of: -29.970405
Válida: t
98 9 56 22 69 31 7 54 78 40 87 105
Utility: 855.134254

Airplane 5
FO: 0.000000
fast_of: 0.000000
Válida: t
99 8 55 11 58 21 68 44 91 18 42 65 89 37 84 1 48 106
Utility: 1925.506059

Airplane 6
FO: -91.290226
fast_of: -91.290226
Válida: t
100 29 76 25 72 38 85 26 73 107
Utility: 285.897337

