Airplane 0
FO: -76.769158
fast_of: -76.769158
Válida: t
94 8 55 13 60 45 92 41 88 25 72 38 85 18 7 65 54 20 67 101
Utility: 2345.853817

Airplane 1

Airplane 2
FO: -68.685515
fast_of: -68.685515
Válida: t
96 5 52 12 59 37 84 32 79 28 75 103
Utility: 448.381504

Airplane 3
FO: -81.554614
fast_of: -81.554614
Válida: t
97 16 63 11 58 9 56 0 47 35 82 21 68 17 64 27 74 31 78 6 53 104
Utility: 1675.738954

Airplane 4
FO: -33.749836
fast_of: -33.749836
Válida: t
98 26 73 1 48 105
Utility: 660.522424

Airplane 5
FO: -147.232090
fast_of: -121.799216
Válida: t
99 33 80 44 91 24 71 42 89 14 61 19 3 50 66 106
Utility: 1009.425689

Airplane 6
FO: -286.938698
fast_of: -230.583028
Válida: t
100 15 62 29 76 39 86 30 77 10 57 46 93 2 49 22 69 34 81 107
Utility: 111.385660

