Airplane 0
FO: -29.843451
fast_of: -29.843451
Válida: t
94 15 62 13 60 41 88 40 87 20 67 101
Utility: 1398.872608

Airplane 1
FO: 0.000000
fast_of: 0.000000
Válida: t
95 23 70 0 10 57 46 93 47 17 64 14 61 3 26 50 73 102
Utility: 1405.967387

Airplane 2
FO: -29.102901
fast_of: -29.102901
Válida: t
96 30 77 45 92 22 69 5 52 32 79 28 75 103
Utility: 563.802989

Airplane 3
FO: -68.731966
fast_of: -68.731966
Válida: t
97 16 63 35 82 33 80 38 85 12 59 104
Utility: 744.269163

Airplane 4
FO: -47.557257
fast_of: -47.557257
Válida: t
98 9 56 7 54 24 71 105
Utility: 328.676046

Airplane 5
FO: 0.000000
fast_of: 0.000000
Válida: t
99 8 55 11 58 25 72 21 68 44 91 31 18 42 65 78 89 19 37 84 66 1 48 106
Utility: 2907.241644

Airplane 6

