Airplane 0
156 46 16 124 94 163
Utility: 406.557100

Airplane 1
157 59 137 70 148 7 85 12 90 6 3 81 84 164
Utility: 119.326891

Airplane 2
158 23 101 67 145 56 65 134 143 165
Utility: 1198.881248

Airplane 3
159 72 150 54 132 24 102 71 149 37 115 1 79 166
Utility: 701.306765

Airplane 4
160 64 142 48 126 15 93 9 87 53 131 25 103 69 147 51 129 20 98 167
Utility: 917.198402

Airplane 5
161 77 155 47 125 26 104 76 154 168
Utility: 987.141877

Airplane 6
162 10 88 41 119 75 153 55 133 27 105 66 144 68 146 19 97 169
Utility: 1077.318919

