Airplane 0
156 52 130 46 124 23 101 163
Utility: 745.881076

Airplane 1
157 71 69 149 147 47 125 26 104 164
Utility: 392.589069

Airplane 2
158 61 139 65 143 75 153 55 133 17 95 27 105 51 129 40 118 20 98 165
Utility: 1114.308613

Airplane 3
159 56 134 33 111 54 132 66 144 6 84 1 79 166
Utility: 1185.279542

Airplane 4
160 64 142 48 126 15 93 9 87 53 131 25 103 27 105 77 155 68 146 167
Utility: 952.961780

Airplane 5

Airplane 6
162 16 94 11 89 67 145 10 88 0 41 78 22 119 34 112 25 100 103 27 18 105 24 102 42 31 96 109 120 19 3 97 81 76 154 45 123 169
Utility: 3091.211139

