Airplane 0
156 11 89 73 151 0 78 34 112 71 149 66 144 32 110 163
Utility: 814.182739

Airplane 1
157 33 111 51 129 40 118 164
Utility: 285.395101

Airplane 2
158 48 46 126 67 124 61 139 145 56 65 134 143 22 100 165
Utility: 1573.376795

Airplane 3
159 55 133 18 77 96 68 155 146 1 3 79 6 84 81 76 154 166
Utility: 1816.413562

Airplane 4
160 52 130 15 93 9 87 41 119 69 147 20 50 128 98 167
Utility: 1078.301396

Airplane 5
161 64 16 142 94 23 101 58 136 59 137 25 103 17 95 27 105 24 102 74 5 152 83 37 26 115 3 104 81 168
Utility: 2202.670558

Airplane 6
162 10 88 65 143 75 153 70 148 44 122 31 71 149 109 19 97 169
Utility: 302.616886

