Airplane 0
156 4 82 20 98 163
Utility: 211.024537

Airplane 1
157 70 148 71 27 149 105 68 146 26 104 164
Utility: 221.283218

Airplane 2
158 23 101 67 10 88 145 56 65 134 143 165
Utility: 990.988897

Airplane 3
159 41 119 54 132 77 37 155 115 1 79 166
Utility: 1383.195668

Airplane 4
160 64 142 48 126 9 87 53 131 25 103 69 147 51 129 167
Utility: 719.052069

Airplane 5
161 16 46 94 124 61 139 59 137 35 113 33 111 24 102 74 5 152 83 47 125 19 50 128 97 32 110 76 154 168
Utility: 2474.522075

Airplane 6
162 65 143 75 153 55 17 133 95 27 105 66 144 169
Utility: 552.182547

