Airplane 0
156 52 48 130 126 67 145 61 65 139 143 22 17 95 25 100 103 27 105 51 129 40 4 82 118 37 26 115 104 76 154 163
Utility: 2486.421220

Airplane 1
157 17 95 25 103 27 105 24 102 69 147 19 3 81 97 164
Utility: 817.686169

Airplane 2
158 33 111 77 155 40 118 42 120 6 84 165
Utility: 925.789529

Airplane 3
159 49 127 27 54 132 66 105 144 1 79 166
Utility: 265.983027

Airplane 4
160 64 16 142 94 11 89 9 87 56 0 134 78 34 25 103 112 167
Utility: 1249.791768

Airplane 5
161 74 5 152 83 20 98 26 32 110 104 168
Utility: 715.625561

Airplane 6
162 46 124 23 101 58 136 35 113 62 140 59 137 55 133 71 31 109 149 169
Utility: 1535.178121

