Airplane 0
156 16 94 11 89 67 10 88 145 163
Utility: 655.932541

Airplane 1
157 34 112 17 95 27 105 31 18 96 109 164
Utility: 345.938542

Airplane 2
158 40 118 42 120 20 98 1 79 165
Utility: 775.691850

Airplane 3
159 41 119 54 132 24 102 71 149 37 115 19 97 166
Utility: 854.360814

Airplane 4
160 64 46 142 48 124 126 9 87 56 134 25 103 69 147 77 155 167
Utility: 1305.586536

Airplane 5
161 35 113 33 111 24 102 51 129 6 84 32 110 26 104 76 154 168
Utility: 1089.126819

Airplane 6
162 23 101 61 139 65 143 75 153 55 133 27 105 66 144 169
Utility: 1009.300042

