Airplane 0
156 23 67 101 145 0 65 143 78 34 112 25 103 24 102 69 147 4 82 163
Utility: 1252.475854

Airplane 1
157 59 137 70 148 7 85 12 90 6 3 81 84 164
Utility: 471.986891

Airplane 2
158 16 94 11 89 165
Utility: 242.775347

Airplane 3
159 33 111 54 132 71 149 24 37 102 115 1 79 76 154 166
Utility: 728.448243

Airplane 4
160 52 48 130 67 126 61 139 145 56 134 41 22 119 100 69 147 40 118 19 50 128 97 167
Utility: 2289.801827

Airplane 5
161 74 5 152 83 47 125 26 104 168
Utility: 130.315905

Airplane 6
162 75 153 55 133 17 95 27 77 105 66 144 68 146 155 20 98 32 110 45 123 169
Utility: 1870.652973

