Airplane 0
156 46 124 163
Utility: 96.796239

Airplane 1
157 11 89 73 151 60 138 34 112 55 133 27 105 68 7 85 74 152 146 19 97 32 110 164
Utility: 1343.107659

Airplane 2
158 16 94 23 101 67 30 108 145 56 134 165
Utility: 1207.809240

Airplane 3
159 33 111 54 132 24 37 102 115 26 104 76 154 166
Utility: 866.512886

Airplane 4
160 52 130 48 126 9 87 59 41 137 119 25 103 69 147 77 155 167
Utility: 2025.970728

Airplane 5
161 0 78 22 100 17 95 27 105 18 96 47 125 1 79 6 84 168
Utility: 1020.224857

Airplane 6
162 61 65 139 143 75 55 153 133 71 149 27 105 66 144 20 98 169
Utility: 1430.205822

