Airplane 0
156 76 154 32 110 163
Utility: 234.765032

Airplane 1
157 77 155 47 125 26 104 50 128 164
Utility: 669.006257

Airplane 2
158 16 94 67 145 56 134 165
Utility: 293.802866

Airplane 3
159 33 111 54 132 24 102 20 98 19 97 166
Utility: 1134.534726

Airplane 4
160 52 130 46 124 61 139 59 137 25 103 27 105 167
Utility: 1422.161962

Airplane 5
161 74 152 5 83 12 90 37 115 3 81 168
Utility: 40.499031

Airplane 6
162 23 101 30 108 56 65 134 143 75 153 41 119 44 122 31 71 149 109 6 84 45 123 169
Utility: 1220.277399

