Airplane 0
156 76 154 32 110 163
Utility: 234.765032

Airplane 1
157 77 155 47 125 26 104 50 128 164
Utility: 669.006257

Airplane 2
158 23 101 67 145 61 139 165
Utility: 832.465066

Airplane 3
159 41 119 34 112 72 150 54 132 24 102 71 149 20 98 166
Utility: 1379.423706

Airplane 4
160 64 142 48 126 46 124 9 87 53 131 25 103 69 147 68 146 19 97 167
Utility: 1427.515206

Airplane 5
161 74 152 5 83 12 90 37 115 3 81 168
Utility: 16.939031

Airplane 6
162 65 143 59 137 33 111 27 105 1 79 6 84 169
Utility: 1343.207100

