Airplane 0
156 11 89 67 145 56 134 163
Utility: 743.315602

Airplane 1
157 17 95 27 105 69 147 40 118 164
Utility: 249.047359

Airplane 2
158 55 133 51 129 42 120 20 98 32 110 165
Utility: 580.595189

Airplane 3

Airplane 4
160 52 130 9 87 61 139 41 59 137 119 27 105 66 144 6 84 167
Utility: 1415.566797

Airplane 5
161 35 113 33 111 27 105 24 102 77 155 47 125 1 79 168
Utility: 1282.537439

Airplane 6
162 46 16 124 94 23 101 10 88 0 65 143 78 22 25 34 112 100 103 71 149 54 132 68 146 19 97 32 26 110 104 76 154 169
Utility: 3253.751761

