Airplane 0
156 15 93 23 101 67 145 163
Utility: 570.932655

Airplane 1
157 70 148 44 122 7 85 12 90 6 84 1 79 164
Utility: 368.012414

Airplane 2
158 40 118 42 120 20 98 76 154 165
Utility: 786.339295

Airplane 3
159 71 149 54 132 24 102 37 115 166
Utility: 431.636081

Airplane 4
160 64 46 142 48 124 126 9 87 56 134 35 113 59 137 34 112 25 103 167
Utility: 1305.067268

Airplane 5
161 74 5 152 83 47 125 50 128 32 110 26 104 168
Utility: 298.098790

Airplane 6
162 10 88 41 65 143 75 153 55 119 133 27 77 105 66 144 68 146 155 3 19 81 97 169
Utility: 2592.018593

