Airplane 0
156 4 82 6 84 76 154 163
Utility: 347.659396

Airplane 1
157 34 112 25 103 17 95 27 77 105 66 144 68 155 146 40 118 164
Utility: 1017.459437

Airplane 2
158 23 101 67 145 0 78 165
Utility: 729.145695

Airplane 3
159 11 89 61 139 41 22 100 119 25 103 54 132 24 102 20 98 26 104 1 79 166
Utility: 2195.631751

Airplane 4
160 64 16 142 48 94 15 93 126 9 87 53 131 59 137 25 103 69 147 167
Utility: 962.420189

Airplane 5
161 35 113 33 111 51 129 74 5 152 83 37 115 3 81 32 110 168
Utility: 693.915247

Airplane 6
162 10 88 56 65 134 143 75 153 70 148 44 122 31 71 149 109 19 97 63 141 169
Utility: 1118.801846

