Airplane 0

Airplane 1
157 70 148 44 122 77 155 68 146 63 141 6 84 164
Utility: 843.810320

Airplane 2
158 40 118 42 120 19 3 97 81 165
Utility: 448.061259

Airplane 3
159 41 119 54 132 24 102 12 90 37 115 1 79 28 106 166
Utility: 838.386222

Airplane 4
160 64 142 48 126 46 124 61 139 53 131 25 103 69 147 51 129 167
Utility: 1194.834362

Airplane 5
161 74 5 152 83 47 125 26 104 32 110 168
Utility: 103.397920

Airplane 6
162 23 101 67 145 65 143 75 153 55 133 71 149 27 105 66 144 20 98 76 154 169
Utility: 1870.770173

