Airplane 0
156 16 94 23 101 67 145 163
Utility: 415.468237

Airplane 1
157 33 111 7 85 164
Utility: 17.176373

Airplane 2
158 40 118 42 120 20 98 1 79 165
Utility: 775.691850

Airplane 3
159 41 119 34 112 25 103 54 132 24 102 71 149 37 115 3 81 166
Utility: 1351.940837

Airplane 4
160 52 130 46 124 61 139 22 100 69 147 51 129 19 97 167
Utility: 1494.058157

Airplane 5
161 6 84 32 110 76 154 168
Utility: 506.299553

Airplane 6
162 56 134 65 143 75 153 55 133 27 105 77 155 68 146 169
Utility: 1104.619957

