Airplane 0
156 27 105 20 98 76 154 163
Utility: 926.868970

Airplane 1
157 70 148 7 85 68 146 3 81 164
Utility: 51.460775

Airplane 2
158 23 101 67 145 56 65 134 143 165
Utility: 1198.881248

Airplane 3
159 41 119 54 132 24 102 77 155 1 79 166
Utility: 732.134158

Airplane 4
160 64 142 48 126 46 124 9 87 53 131 25 103 69 147 77 155 19 97 167
Utility: 1187.498306

Airplane 5
161 74 152 47 125 50 128 26 104 32 110 168
Utility: 266.992559

Airplane 6
162 61 139 59 137 75 153 55 133 71 149 66 144 6 84 169
Utility: 1121.462828

