Airplane 0
156 4 82 19 97 32 110 76 154 163
Utility: 613.770997

Airplane 1
157 70 148 7 85 68 146 6 84 164
Utility: 246.596832

Airplane 2
158 77 155 40 118 42 120 20 98 45 123 165
Utility: 1100.505918

Airplane 3
159 41 119 54 132 24 102 12 90 37 115 1 79 28 106 166
Utility: 838.386222

Airplane 4
160 64 142 48 126 46 124 9 87 56 134 25 103 69 147 51 129 167
Utility: 1383.390222

Airplane 5
161 74 152 5 83 47 125 26 104 3 81 168
Utility: 166.839654

Airplane 6
162 23 101 67 145 65 143 59 137 34 112 71 149 27 105 66 144 169
Utility: 2024.513370

