Airplane 0
156 4 82 6 84 32 110 76 154 163
Utility: 513.655154

Airplane 1

Airplane 2
158 23 101 67 145 56 65 134 143 165
Utility: 966.496248

Airplane 3
159 41 119 34 112 72 150 71 149 24 102 37 115 1 79 166
Utility: 1217.385047

Airplane 4
160 52 130 11 89 61 139 59 137 25 103 69 147 40 118 19 97 167
Utility: 1671.358740

Airplane 5
161 74 152 5 83 47 125 26 104 3 81 168
Utility: 166.839654

Airplane 6
162 46 124 30 108 65 143 75 153 55 133 27 77 105 66 144 155 20 98 169
Utility: 2058.865389

