Airplane 0
156 15 93 67 73 151 145 163
Utility: 310.695285

Airplane 1
157 77 18 96 155 40 118 6 3 81 84 32 26 110 104 76 154 164
Utility: 1309.369572

Airplane 2
158 16 46 94 124 23 101 61 139 65 143 59 137 165
Utility: 1570.667053

Airplane 3
159 22 100 17 95 27 54 132 105 66 144 37 115 32 110 166
Utility: 956.572785

Airplane 4
160 52 130 48 126 9 87 53 131 25 103 69 147 19 50 128 97 167
Utility: 914.486093

Airplane 5
161 0 78 35 113 33 111 51 129 74 5 152 83 6 84 168
Utility: 415.493250

Airplane 6
162 56 134 41 119 34 112 44 122 31 71 149 109 20 98 1 79 169
Utility: 1657.766533

