Airplane 0
156 16 94 11 89 67 10 88 145 163
Utility: 655.932541

Airplane 1
157 70 148 7 85 12 90 6 84 164
Utility: 90.957990

Airplane 2
158 56 65 134 143 35 113 59 137 34 112 165
Utility: 728.896861

Airplane 3
159 41 119 54 132 24 102 71 149 37 115 1 79 76 154 166
Utility: 1378.255876

Airplane 4
160 64 142 48 15 93 126 9 87 61 139 53 131 25 103 69 147 19 50 128 97 167
Utility: 1201.782848

Airplane 5
161 74 5 152 83 47 125 26 3 81 104 168
Utility: 184.878985

Airplane 6
162 23 101 30 108 65 143 75 153 49 127 55 133 27 77 105 66 144 155 20 98 45 123 169
Utility: 2125.323821

