Airplane 0
156 46 67 124 145 163
Utility: 471.549615

Airplane 1
157 77 155 47 125 26 104 50 128 164
Utility: 669.006257

Airplane 2

Airplane 3
159 41 119 34 112 72 150 54 132 24 102 20 98 1 79 76 154 166
Utility: 1826.401381

Airplane 4
160 64 142 48 126 15 93 29 107 9 87 53 131 25 103 69 147 68 146 19 97 167
Utility: 1055.572475

Airplane 5
161 27 105 5 83 37 3 81 115 168
Utility: 370.018871

Airplane 6
162 23 101 10 88 56 65 134 143 59 137 70 148 44 122 31 71 149 109 6 84 45 123 169
Utility: 1622.229928

