Airplane 0
156 23 101 67 10 145 88 41 34 119 112 25 103 69 147 4 82 163
Utility: 1742.314991

Airplane 1
157 52 130 16 46 94 124 73 151 60 138 53 131 35 113 59 137 55 133 18 96 51 129 40 118 19 3 81 97 1 79 164
Utility: 2570.605658

Airplane 2
158 8 86 11 89 58 136 0 78 22 100 75 153 17 95 27 54 132 31 105 109 37 42 120 26 115 32 104 110 165
Utility: 1996.665424

Airplane 3
159 33 111 77 66 144 68 155 146 6 84 76 154 166
Utility: 1603.134703

Airplane 4
160 64 142 48 126 9 87 56 134 167
Utility: 24.765753

Airplane 5
161 71 149 24 102 20 98 168
Utility: 630.219810

Airplane 6

