Airplane 0
156 15 93 67 9 145 87 58 136 59 137 33 111 54 132 24 18 102 74 152 96 37 6 84 115 26 50 128 32 104 110 163
Utility: 1942.937099

Airplane 1
157 25 103 54 132 68 146 47 125 164
Utility: 102.769360

Airplane 2
158 27 77 105 155 40 118 42 120 20 98 165
Utility: 1561.924577

Airplane 3

Airplane 4
160 8 86 11 89 61 139 22 100 17 95 71 7 85 149 167
Utility: 638.920499

Airplane 5
161 64 16 46 142 48 94 126 124 73 151 0 56 134 41 78 119 34 25 112 103 54 132 51 129 74 152 1 79 76 154 168
Utility: 2470.108446

Airplane 6
162 23 101 10 88 56 134 75 153 55 133 69 147 66 144 19 3 81 97 169
Utility: 1208.344096

