Airplane 0
156 46 124 67 145 163
Utility: 449.074560

Airplane 1

Airplane 2
158 40 118 42 120 6 84 165
Utility: 245.035461

Airplane 3
159 41 119 49 127 72 150 54 132 71 149 37 115 1 79 76 154 166
Utility: 1116.876672

Airplane 4
160 64 142 48 126 15 93 29 107 9 87 53 131 25 103 69 147 68 146 19 97 167
Utility: 1055.572475

Airplane 5
161 74 152 5 83 47 125 26 104 3 81 168
Utility: 166.839654

Airplane 6
162 23 101 30 108 56 134 75 153 55 133 27 105 66 144 20 98 45 123 169
Utility: 1815.486395

