Airplane 0
156 46 124 11 89 61 139 41 59 137 34 119 112 25 103 163
Utility: 1827.321291

Airplane 1
157 33 111 51 129 37 26 115 104 164
Utility: 488.371207

Airplane 2
158 23 101 67 145 165
Utility: 591.032589

Airplane 3
159 22 100 71 149 54 132 24 102 1 79 76 154 166
Utility: 1063.401817

Airplane 4
160 64 142 48 15 93 126 9 87 53 131 17 95 27 105 69 147 68 146 167
Utility: 1107.124990

Airplane 5
161 20 98 19 3 81 97 32 110 168
Utility: 875.302220

Airplane 6
162 10 88 56 65 134 143 75 153 70 148 44 122 77 155 6 84 45 123 169
Utility: 1389.776440

