Airplane 0
156 46 124 11 89 163
Utility: 351.583338

Airplane 1
157 33 111 51 129 19 97 164
Utility: 512.230467

Airplane 2
158 23 101 67 145 56 65 134 143 165
Utility: 1198.881248

Airplane 3
159 61 139 41 119 34 112 49 127 72 150 54 132 71 149 20 98 76 154 166
Utility: 1717.886555

Airplane 4
160 64 142 48 126 9 87 53 131 25 103 69 147 167
Utility: 566.906547

Airplane 5
161 74 152 6 84 26 104 32 110 168
Utility: 496.844892

Airplane 6
162 10 88 59 137 75 153 17 95 27 77 105 66 144 68 146 155 1 79 169
Utility: 1827.163241

