Airplane 0
70 29 64 23 58 0 35 34 69 31 66 33 68 7 18 53 42 77
Tiempos:
(0.000000, 43.498559) (64.000000, 64.000000) (82.714023, 82.714023) (107.447994, 107.447994) (145.960944, 171.586312) (175.000000, 175.000000) (209.240086, 261.688859) (270.000000, 270.000000) (281.922739, 297.401219) (309.000000, 309.000000) (319.401653, 319.401653) (406.000000, 346.175090) (434.325479, 411.353825) (443.108325, 414.000000) (402.000000, 437.160882) (428.000000, 463.787998) (434.000000, 466.716117) (0.000000, 472.425248) 
Utility: 1403.551538

Airplane 1
71 15 50 9 44 25 60 12 47 19 3 38 54 1 36 78
Tiempos:
(0.000000, 26.088920) (36.000000, 36.000000) (45.624091, 80.170723) (96.000000, 96.000000) (125.519511, 284.509742) (300.000000, 300.000000) (317.579228, 419.358185) (423.000000, 423.000000) (439.883151, 482.069415) (496.000000, 518.720849) (529.000000, 529.000000) (549.425750, 549.425750) (561.286973, 561.286973) (568.617270, 568.617270) (609.352232, 609.352232) (613.467979, 613.467979) 
Utility: 1136.675873

Airplane 2
72 10 45 20 55 26 61 79
Tiempos:
(0.000000, 163.701765) (169.000000, 169.000000) (173.054067, 473.471791) (477.000000, 477.000000) (517.738791, 524.822552) (538.000000, 538.000000) (555.030862, 555.030862) (583.301583, 583.301583) 
Utility: 691.019668

Airplane 3
73 16 51 8 43 24 59 32 67 28 63 80
Tiempos:
(0.000000, 8.153812) (24.000000, 24.000000) (58.842554, 58.842554) (81.729110, 81.729110) (111.256347, 400.474982) (410.000000, 410.000000) (427.184982, 427.184982) (437.000000, 462.702388) (478.000000, 545.095859) (549.000000, 549.000000) (582.779780, 582.779780) (0.000000, 609.550210) 
Utility: 1087.384043

Airplane 4
74 17 52 27 30 62 65 81
Tiempos:
(0.000000, 284.898633) (293.000000, 293.000000) (316.818236, 368.866497) (421.616220, 390.383780) (406.000000, 406.000000) (414.000000, 426.496880) (460.014430, 454.911312) (0.000000, 468.664055) 
Utility: 551.039619

Airplane 5

Airplane 6
76 13 48 2 37 22 57 21 56 83
Tiempos:
(0.000000, 84.433785) (112.000000, 112.000000) (124.021712, 252.088401) (256.000000, 256.000000) (261.084282, 263.637513) (267.000000, 267.000000) (306.733843, 306.733843) (322.490267, 322.490267) (344.244953, 344.244953) (346.211742, 346.211742) 
Utility: 1121.061963

Total utility: 5990.732704
Tiempo total: 1.650356s
Corridas internas: 5
