////////Airplane 0////////
Route 0
FO: -230.473670
fast_of: -230.473670
Válida: t
156 15 93 163
Route 1
FO: -221.782640
fast_of: -221.782640
Válida: t
156 15 93 77 155 4 82 163
Route 2
FO: -201.847449
fast_of: -201.847449
Válida: t
156 15 93 77 155 20 98 163
Route 3
FO: -249.230194
fast_of: -249.230194
Válida: t
156 163
Route 4
FO: -29.422839
fast_of: -25.167893
Válida: t
156 8 86 11 89 9 87 56 0 134 78 22 100 17 95 27 105 24 102 31 7 4 82 85 109 19 97 76 154 163
Route 5
FO: -30.114977
fast_of: -25.334718
Válida: t
156 8 86 11 89 9 87 56 0 134 78 22 100 17 95 27 105 24 102 31 7 4 82 85 109 19 3 81 97 26 104 76 154 163
Route 6
FO: -96.438721
fast_of: -91.658463
Válida: t
156 8 86 11 89 67 145 56 0 134 78 22 100 17 95 27 105 24 102 31 7 4 82 85 109 19 3 81 97 26 104 76 154 163
Route 7
FO: 0.000000
fast_of: 0.000000
Válida: t
156 8 86 11 89 9 87 0 65 143 78 22 100 17 95 69 147 7 31 4 82 85 109 163
Route 8
FO: -72.232129
fast_of: -72.232129
Válida: t
156 61 139 0 65 143 78 22 100 17 95 69 147 7 31 4 82 85 109 163
Route 9
FO: -207.991125
fast_of: -207.991125
Válida: t
156 15 93 1 79 163
Route 10
FO: -73.016775
fast_of: -68.761829
Válida: t
156 8 86 11 89 56 0 134 78 22 100 17 95 24 102 7 4 82 85 6 84 76 154 163
Route 11
FO: -143.762246
fast_of: -143.762246
Válida: t
156 8 86 0 56 134 78 22 34 112 100 7 4 82 85 6 84 26 104 163
Route 12
FO: -146.839926
fast_of: -146.839926
Válida: t
156 9 87 56 134 22 100 31 7 85 109 19 4 82 97 1 79 163
Route 13
FO: -150.190106
fast_of: -149.664793
Válida: t
156 48 126 0 78 22 100 17 95 31 7 4 82 85 109 19 3 81 97 76 154 163
Route 14
FO: -203.135259
fast_of: -203.135259
Válida: t
156 15 93 25 103 163
Route 15
FO: -148.393105
fast_of: -148.393105
Válida: t
156 9 87 0 65 78 143 55 133 69 7 147 4 82 85 40 118 163
Route 16
FO: -129.283644
fast_of: -129.283644
Válida: t
156 9 87 56 134 22 100 17 95 54 132 31 7 4 82 85 109 76 154 163
Route 17
FO: -70.452112
fast_of: -70.452112
Válida: t
156 48 46 126 124 73 151 10 88 77 18 96 37 4 82 155 1 115 79 76 154 163
Route 18
FO: -100.878649
fast_of: -100.878649
Válida: t
156 61 139 0 65 78 143 75 153 69 147 7 31 4 82 85 109 76 154 163
Route 19
FO: -114.464110
fast_of: -114.464110
Válida: t
156 73 151 0 78 22 100 31 7 4 82 85 109 76 154 163
Route 20
FO: 0.000000
fast_of: 0.000000
Válida: t
156 52 130 15 93 73 151 9 87 56 134 41 34 119 112 75 153 55 133 31 7 85 12 109 90 19 4 82 97 1 79 76 154 163
Route 21
FO: -115.818245
fast_of: -115.818245
Válida: t
156 52 130 56 65 134 143 22 100 54 132 7 85 76 154 163
Route 22
FO: -139.042140
fast_of: -139.042140
Válida: t
156 15 93 73 151 61 139 69 147 40 118 42 120 163
Route 23
FO: -160.026085
fast_of: -155.771139
Válida: t
156 52 130 0 78 22 100 17 95 24 102 7 4 82 85 6 84 76 154 163
Route 24
FO: -141.476375
fast_of: -141.476375
Válida: t
156 52 130 7 31 85 109 42 19 120 97 1 79 163
Route 25
FO: -147.524400
fast_of: -147.524400
Válida: t
156 73 151 22 34 112 100 7 4 82 85 6 84 26 104 163
Route 26
FO: -18.011329
fast_of: -17.486017
Válida: t
156 8 86 11 89 53 131 65 143 75 153 25 103 69 147 7 42 4 82 85 120 6 3 81 84 76 154 163
Route 27
FO: -85.751162
fast_of: -85.751162
Válida: t
156 52 130 15 93 73 151 9 87 34 112 75 153 31 7 85 109 19 4 82 97 26 104 163
Route 28
FO: -204.974850
fast_of: -200.194592
Válida: t
156 8 86 22 100 17 95 24 102 6 3 84 81 26 104 76 154 163
Route 29
FO: -202.323474
fast_of: -201.798161
Válida: t
156 73 151 22 100 25 103 31 109 19 3 81 97 32 110 163
Route 30
FO: -112.174808
fast_of: -107.394549
Válida: t
156 8 86 23 101 60 138 0 56 134 78 22 100 25 103 24 102 31 7 4 82 85 109 26 3 81 104 76 154 163
Route 31
FO: -214.492002
fast_of: -209.711744
Válida: t
156 8 86 11 89 67 145 0 78 25 103 17 95 24 102 31 4 82 109 19 3 81 97 26 104 76 154 163
Route 32
FO: -69.320288
fast_of: -69.320288
Válida: t
156 15 93 73 151 9 87 34 112 25 103 31 7 85 109 19 4 82 97 26 104 163
Route 33
FO: -165.194414
fast_of: -160.939468
Válida: t
156 52 130 0 65 143 78 22 100 17 95 24 102 20 98 6 84 163
Route 34
FO: -137.854982
fast_of: -137.854982
Válida: t
156 52 130 34 112 25 103 7 74 85 152 4 82 42 19 120 97 32 110 163
Route 35
FO: -10.535388
fast_of: -10.535388
Válida: t
156 52 130 9 87 56 65 134 41 143 34 119 112 75 153 31 71 109 149 19 4 82 97 76 154 163
Route 36
FO: 0.000000
fast_of: 0.000000
Válida: t
156 52 130 15 93 73 151 9 87 56 134 41 34 119 112 55 133 71 149 77 7 85 155 4 82 47 125 163
Route 37
FO: -0.000000
fast_of: 0.525313
Válida: t
156 15 93 73 151 9 87 34 112 25 103 17 95 54 132 31 7 85 109 20 4 82 98 26 3 81 104 76 154 163
Route 38
FO: -69.935136
fast_of: -69.935136
Válida: t
156 73 151 41 22 119 34 112 100 7 85 4 82 47 125 26 104 163
Route 39
FO: -120.493497
fast_of: -120.493497
Válida: t
156 11 89 56 65 134 143 22 100 54 132 7 85 163
Route 40
FO: -126.817638
fast_of: -126.817638
Válida: t
156 52 130 34 112 25 103 69 147 74 152 4 82 42 19 120 97 26 104 163
Route 41
FO: -29.468985
fast_of: -29.468985
Válida: t
156 15 93 41 22 119 34 112 100 69 7 85 147 4 82 47 125 20 98 163
Route 42
FO: -152.005058
fast_of: -152.005058
Válida: t
156 8 86 55 133 17 95 54 132 6 84 26 104 163
Route 43
FO: -21.564752
fast_of: -21.564752
Válida: t
156 8 86 11 89 56 0 134 78 22 100 17 95 54 132 31 42 120 109 19 4 82 97 26 104 76 154 163
Route 44
FO: -50.919284
fast_of: -50.919284
Válida: t
156 8 86 11 89 56 134 22 100 17 95 54 132 31 7 4 82 85 109 163
Route 45
FO: 0.000000
fast_of: 0.000000
Válida: t
156 8 86 11 89 53 131 65 143 22 100 25 103 69 7 147 4 82 85 42 120 6 84 32 110 163
Route 46
FO: 0.000000
fast_of: 0.000000
Válida: t
156 52 130 15 93 73 151 9 87 56 134 41 34 119 112 25 103 71 149 77 7 85 155 4 82 47 125 163
Route 47
FO: 0.000000
fast_of: 0.000000
Válida: t
156 15 93 48 126 9 87 34 112 25 103 17 95 54 132 31 7 4 82 85 109 20 98 26 104 76 154 163
Route 48
FO: -22.620360
fast_of: -22.095047
Válida: t
156 23 101 60 138 0 65 143 78 22 100 55 133 31 7 4 82 85 109 6 3 84 81 26 104 76 154 163
Route 49
FO: -0.000000
fast_of: -0.000000
Válida: t
156 11 89 73 151 65 143 41 34 119 112 75 153 55 133 31 7 85 109 19 4 82 97 1 79 163
Route 50
FO: 0.000000
fast_of: 0.000000
Válida: t
156 8 86 11 89 9 87 0 65 143 41 78 22 119 100 54 132 31 7 4 82 85 109 163
Route 51
FO: -16.840876
fast_of: -16.840876
Válida: t
156 8 86 11 89 56 0 134 78 55 133 17 95 54 132 7 85 42 120 19 4 82 97 26 104 76 154 163
Route 52
FO: -0.000000
fast_of: -0.000000
Válida: t
156 8 86 11 89 9 87 56 0 134 78 22 100 25 103 27 54 105 132 31 7 85 109 19 97 26 104 76 154 163
Route 53
FO: -5.108688
fast_of: -5.108688
Válida: t
156 8 86 11 89 56 0 134 78 55 133 17 95 54 132 31 42 109 120 19 4 82 97 76 154 163
Route 54
FO: -72.726044
fast_of: -72.726044
Válida: t
156 52 130 9 87 34 112 25 103 69 147 4 82 42 19 120 97 32 110 163
Route 55
FO: 0.000000
fast_of: 0.000000
Válida: t
156 9 87 34 112 25 103 69 147 31 7 4 82 85 109 20 98 26 104 76 154 163
Route 56
FO: -34.747799
fast_of: -34.747799
Válida: t
156 8 86 11 89 56 0 134 78 22 100 25 103 54 132 31 42 109 120 19 4 82 97 26 104 76 154 163
Route 57
FO: 0.000000
fast_of: 0.000000
Válida: t
156 8 86 11 89 56 0 134 78 22 100 25 103 69 147 31 42 109 120 19 4 82 97 26 104 76 154 163
Route 58
FO: 0.000000
fast_of: 0.000000
Válida: t
156 15 93 11 89 9 87 53 131 65 143 22 100 25 103 69 7 147 4 82 85 47 125 1 79 163
Route 59
FO: -20.117672
fast_of: -20.117672
Válida: t
156 23 101 0 65 78 143 75 153 55 133 69 7 147 4 82 85 76 154 163
Route 60
FO: 0.000000
fast_of: 0.000000
Válida: t
156 8 86 11 89 9 87 0 65 143 78 22 100 25 103 69 147 31 42 109 120 19 4 82 97 32 26 110 104 76 154 163
////////Airplane 1////////
Route 0
FO: -40.561461
fast_of: -40.036149
Válida: t
157 46 67 124 13 91 145 59 137 70 148 18 96 51 129 19 3 81 97 1 79 164
Route 1
FO: 0.000000
fast_of: 0.525313
Válida: t
157 46 67 124 13 91 145 41 59 119 137 44 122 70 148 18 96 51 129 19 3 81 97 1 79 164
Route 2
FO: 0.000000
fast_of: 0.525313
Válida: t
157 46 67 124 61 139 145 41 59 119 137 44 122 70 148 18 96 51 129 19 3 81 97 1 79 164
Route 3
FO: -256.140832
fast_of: -256.140832
Válida: t
157 164
Route 4
FO: -84.064945
fast_of: -84.064945
Válida: t
157 46 124 23 101 58 136 60 138 59 41 137 119 34 112 44 122 70 148 18 71 96 149 37 115 47 125 63 141 164
Route 5
FO: -84.191493
fast_of: -84.191493
Válida: t
157 46 16 124 94 23 101 58 136 60 138 59 41 137 119 34 112 44 122 70 148 18 71 96 149 37 115 47 125 63 141 164
Route 6
FO: -47.429207
fast_of: -47.429207
Válida: t
157 46 16 124 94 23 101 58 136 60 138 59 41 137 119 34 112 44 122 70 148 18 71 96 149 77 155 47 125 63 141 164
Route 7
FO: -120.833698
fast_of: -120.308386
Válida: t
157 46 124 61 139 35 113 59 137 34 112 44 122 70 148 18 96 51 129 3 81 164
Route 8
FO: -121.800259
fast_of: -121.800259
Válida: t
157 46 48 124 126 60 138 59 34 112 137 44 122 70 148 77 155 47 125 19 97 164
Route 9
FO: -172.216279
fast_of: -167.961333
Válida: t
157 46 67 124 13 91 145 24 102 51 129 1 79 164
Route 10
FO: -152.604523
fast_of: -152.079211
Válida: t
157 52 130 0 78 41 119 34 112 25 103 54 132 69 147 66 144 19 3 81 97 164
Route 11
FO: -66.541771
fast_of: -66.541771
Válida: t
157 46 67 124 13 91 145 59 137 34 112 25 103 44 122 70 148 18 96 51 129 1 79 164
Route 12
FO: -144.528170
fast_of: -144.002858
Válida: t
157 46 124 61 139 35 113 59 137 25 103 44 122 70 148 18 96 3 81 164
Route 13
FO: -131.564826
fast_of: -131.039514
Válida: t
157 48 126 13 91 70 148 18 96 19 3 81 97 1 79 164
Route 14
FO: -166.277695
fast_of: -166.277695
Válida: t
157 46 124 61 139 35 113 34 112 44 122 70 148 18 66 96 144 1 79 164
Route 15
FO: -91.247888
fast_of: -91.247888
Válida: t
157 46 124 73 151 35 113 59 137 70 148 18 69 96 147 164
Route 16
FO: -64.871109
fast_of: -64.871109
Válida: t
157 46 124 23 101 58 136 60 138 59 137 17 95 71 149 77 18 96 155 47 125 164
Route 17
FO: -65.101789
fast_of: -65.101789
Válida: t
157 46 48 124 126 73 151 59 34 112 137 75 153 44 122 70 148 18 77 96 155 47 125 19 97 1 79 164
Route 18
FO: -24.917021
fast_of: -24.917021
Válida: t
157 46 124 23 101 60 138 59 41 137 119 34 112 70 148 77 71 149 155 76 154 164
Route 19
FO: -156.992359
fast_of: -156.992359
Válida: t
157 46 124 61 139 35 113 59 137 25 103 66 144 164
Route 20
FO: -128.637335
fast_of: -128.637335
Válida: t
157 46 124 61 139 35 113 34 112 44 122 70 148 18 7 96 85 1 79 164
Route 21
FO: -179.457155
fast_of: -179.457155
Válida: t
157 46 67 124 13 91 145 65 143 22 100 51 129 40 118 164
Route 22
FO: -150.369984
fast_of: -150.369984
Válida: t
157 46 67 124 73 151 145 18 96 51 129 164
Route 23
FO: -150.951721
fast_of: -150.951721
Válida: t
157 46 48 124 126 60 138 59 137 44 122 70 148 66 144 19 97 164
Route 24
FO: -38.051808
fast_of: -38.051808
Válida: t
157 13 91 61 139 60 138 59 137 34 112 44 122 70 148 18 96 51 129 6 84 164
Route 25
FO: -123.572936
fast_of: -123.047624
Válida: t
157 46 67 124 13 91 145 59 137 25 103 70 148 51 129 19 3 81 97 164
Route 26
FO: -88.204884
fast_of: -88.204884
Válida: t
157 52 48 126 130 60 138 59 34 112 137 44 122 66 77 144 155 47 125 164
Route 27
FO: -39.255724
fast_of: -39.255724
Válida: t
157 23 101 58 136 59 41 137 34 119 112 44 122 70 148 71 149 77 66 144 155 164
Route 28
FO: -112.336847
fast_of: -112.336847
Válida: t
157 52 130 46 67 124 13 91 145 65 143 22 100 51 129 26 104 164
Route 29
FO: -95.942365
fast_of: -95.942365
Válida: t
157 46 16 124 94 23 101 60 138 59 34 112 137 31 109 77 155 47 125 32 110 164
Route 30
FO: -93.726541
fast_of: -93.726541
Válida: t
157 46 48 124 126 60 138 59 137 44 122 70 148 66 77 144 155 26 104 164
Route 31
FO: -94.040413
fast_of: -94.040413
Válida: t
157 11 89 58 136 60 138 10 88 41 119 34 112 44 122 70 148 18 96 37 115 47 125 164
Route 32
FO: -55.437717
fast_of: -55.437717
Válida: t
157 52 130 16 94 23 101 58 136 60 138 59 41 137 34 119 112 44 122 70 148 18 7 96 85 37 115 47 125 164
Route 33
FO: -148.801199
fast_of: -148.275887
Válida: t
157 52 130 11 89 25 103 54 132 69 147 66 144 19 3 81 97 164
Route 34
FO: -139.243623
fast_of: -139.243623
Válida: t
157 46 124 23 101 22 34 112 100 77 155 47 125 164
Route 35
FO: -99.651968
fast_of: -99.651968
Válida: t
157 23 101 59 34 112 137 44 122 70 148 18 96 51 129 6 84 164
Route 36
FO: -214.044644
fast_of: -214.044644
Válida: t
157 46 67 124 13 91 145 0 65 143 78 25 103 40 118 164
Route 37
FO: -82.764589
fast_of: -82.764589
Válida: t
157 46 48 126 124 23 101 58 136 60 138 17 95 25 103 71 149 77 18 96 47 125 155 164
Route 38
FO: -1.111509
fast_of: -1.111509
Válida: t
157 52 130 16 94 23 101 60 138 59 41 137 34 119 112 44 122 70 148 18 77 96 47 125 155 164
Route 39
FO: -61.853601
fast_of: -61.328289
Válida: t
157 46 67 124 13 91 145 41 59 119 137 44 122 70 148 18 77 96 155 40 118 3 81 1 79 164
Route 40
FO: -105.927172
fast_of: -105.927172
Válida: t
157 23 101 58 136 65 41 143 119 34 112 44 122 70 148 66 77 144 68 155 146 164
Route 41
FO: -68.252823
fast_of: -68.252823
Válida: t
157 52 130 16 94 23 101 58 136 60 138 59 137 44 122 70 148 18 69 96 147 47 125 164
Route 42
FO: -54.354200
fast_of: -54.354200
Válida: t
157 52 130 23 101 58 136 60 138 59 41 137 34 119 112 44 122 70 148 18 77 96 155 47 125 32 110 164
Route 43
FO: 0.000000
fast_of: 0.525313
Válida: t
157 52 130 46 67 124 13 91 145 65 143 59 137 44 122 70 148 18 77 96 155 40 118 19 3 81 97 1 79 164
Route 44
FO: -157.849633
fast_of: -157.849633
Válida: t
157 46 67 124 145 41 22 100 119 25 103 51 129 47 125 164
Route 45
FO: -155.431767
fast_of: -154.906455
Válida: t
157 48 67 126 13 91 145 59 137 25 103 51 129 19 3 81 97 164
Route 46
FO: -23.545376
fast_of: -23.545376
Válida: t
157 52 48 130 126 73 151 62 140 59 137 44 122 70 148 18 77 96 155 47 125 19 97 1 79 164
Route 47
FO: -102.017332
fast_of: -102.017332
Válida: t
157 46 124 23 101 59 137 44 122 69 147 47 125 164
Route 48
FO: -139.263949
fast_of: -139.263949
Válida: t
157 46 67 124 13 91 145 0 65 143 78 22 100 25 103 19 97 164
Route 49
FO: -76.671750
fast_of: -76.671750
Válida: t
157 46 124 23 101 0 78 55 133 17 95 69 147 47 125 164
Route 50
FO: -160.735843
fast_of: -160.735843
Válida: t
157 46 48 124 126 59 137 55 133 70 148 42 19 120 97 164
Route 51
FO: -81.485198
fast_of: -80.959886
Válida: t
157 11 89 0 41 78 34 119 112 25 103 54 132 19 3 81 97 164
Route 52
FO: -0.802439
fast_of: -0.802439
Válida: t
157 46 124 23 101 60 138 59 137 55 133 17 95 54 132 77 18 96 47 125 155 164
Route 53
FO: 0.000000
fast_of: 0.525313
Válida: t
157 52 130 46 67 124 13 91 145 59 137 22 100 70 148 18 77 96 155 40 118 19 3 81 97 1 79 164
Route 54
FO: 0.000000
fast_of: 4.780259
Válida: t
157 52 130 46 67 124 13 91 145 10 88 59 137 22 100 44 122 70 148 18 24 102 69 96 147 40 4 82 118 19 3 81 97 1 79 164
Route 55
FO: -14.461967
fast_of: -14.461967
Válida: t
157 23 101 58 136 60 138 59 41 137 34 119 112 44 122 70 148 71 77 149 47 125 155 6 84 164
Route 56
FO: -8.871483
fast_of: -8.871483
Válida: t
157 23 101 59 41 137 34 119 112 44 122 70 148 18 71 96 149 20 98 47 125 164
Route 57
FO: 0.000000
fast_of: 0.000000
Válida: t
157 11 89 58 136 59 41 137 34 119 112 44 122 70 148 71 149 77 66 144 155 164
Route 58
FO: -82.104307
fast_of: -82.104307
Válida: t
157 23 101 41 22 119 34 112 100 74 152 47 125 164
Route 59
FO: -0.000000
fast_of: -0.000000
Válida: t
157 52 130 16 94 23 101 59 41 137 34 119 112 44 122 70 148 18 7 96 85 74 47 125 152 26 104 164
Route 60
FO: -30.260262
fast_of: -30.260262
Válida: t
157 52 130 16 94 65 143 41 59 137 34 119 112 44 122 70 148 18 7 96 85 74 47 125 152 26 104 164
Route 61
FO: -84.163318
fast_of: -84.163318
Válida: t
157 46 67 124 13 91 145 41 119 34 112 25 103 44 122 70 148 18 96 51 129 164
Route 62
FO: -77.608391
fast_of: -77.083079
Válida: t
157 46 67 124 13 91 145 59 137 34 112 25 103 19 3 81 97 164
Route 63
FO: 0.000000
fast_of: 0.525313
Válida: t
157 46 67 124 61 145 139 65 143 41 22 100 34 119 112 44 122 70 148 18 96 47 125 19 3 81 97 1 79 164
Route 64
FO: -25.497999
fast_of: -25.497999
Válida: t
157 11 89 60 138 59 41 137 34 119 112 44 122 70 148 77 155 47 125 32 26 110 104 164
Route 65
FO: 0.000000
fast_of: 0.000000
Válida: t
157 46 16 124 94 23 101 60 138 59 137 55 133 17 95 54 132 71 77 149 47 125 155 164
Route 66
FO: -36.628058
fast_of: -36.628058
Válida: t
157 23 101 0 41 78 22 119 34 112 100 69 147 47 125 20 98 164
Route 67
FO: -24.822953
fast_of: -24.822953
Válida: t
157 52 130 16 94 23 101 59 41 137 34 119 112 44 122 70 148 71 77 149 47 125 155 164
Route 68
FO: -7.714387
fast_of: -7.714387
Válida: t
157 13 91 61 139 41 119 34 112 44 122 70 148 66 77 144 155 1 79 164
Route 69
FO: -43.046848
fast_of: -43.046848
Válida: t
157 52 48 130 126 23 101 59 137 44 122 70 148 18 77 155 96 19 97 1 79 164
Route 70
FO: -100.497328
fast_of: -99.972016
Válida: t
157 11 89 25 103 55 133 69 147 74 152 19 3 81 97 164
Route 71
FO: -35.625233
fast_of: -35.625233
Válida: t
157 11 89 9 87 41 59 137 34 119 112 70 148 66 77 144 155 164
Route 72
FO: 0.000000
fast_of: 0.000000
Válida: t
157 23 101 60 138 59 41 137 34 119 112 44 122 70 148 71 149 77 18 96 155 164
////////Airplane 2////////
Route 0
FO: -153.806574
fast_of: -153.806574
Válida: t
158 23 101 56 65 134 143 165
Route 1
FO: -125.082504
fast_of: -125.082504
Válida: t
158 23 101 56 65 134 143 27 77 105 155 20 98 165
Route 2
FO: -164.504065
fast_of: -164.504065
Válida: t
158 23 101 56 41 134 119 27 77 105 155 20 98 165
Route 3
FO: -278.444393
fast_of: -278.444393
Válida: t
158 165
Route 4
FO: -277.197563
fast_of: -277.197563
Válida: t
158 40 118 42 120 28 106 165
Route 5
FO: -192.734952
fast_of: -192.734952
Válida: t
158 40 118 42 120 20 98 165
Route 6
FO: -241.772434
fast_of: -241.772434
Válida: t
158 46 124 42 120 165
Route 7
FO: -132.012993
fast_of: -132.012993
Válida: t
158 23 101 59 41 137 34 119 112 40 118 165
Route 8
FO: -264.900035
fast_of: -264.900035
Válida: t
158 41 119 34 112 19 97 165
Route 9
FO: -228.374029
fast_of: -228.374029
Válida: t
158 34 112 25 103 165
Route 10
FO: -236.428236
fast_of: -236.428236
Válida: t
158 25 103 42 120 165
Route 11
FO: -320.927310
fast_of: -320.927310
Válida: t
158 48 126 40 118 42 120 28 106 32 110 165
Route 12
FO: -269.982920
fast_of: -269.982920
Válida: t
158 40 118 66 144 165
Route 13
FO: -238.645737
fast_of: -238.645737
Válida: t
158 40 118 42 120 6 84 32 110 165
Route 14
FO: -212.406675
fast_of: -212.406675
Válida: t
158 46 124 61 139 76 154 165
Route 15
FO: -239.197661
fast_of: -239.197661
Válida: t
158 56 65 134 143 40 118 165
Route 16
FO: -162.448227
fast_of: -162.448227
Válida: t
158 23 101 0 41 78 34 119 112 40 118 165
Route 17
FO: -192.734952
fast_of: -192.734952
Válida: t
158 40 118 42 120 20 98 165
Route 18
FO: -157.929400
fast_of: -157.929400
Válida: t
158 23 101 65 143 77 155 40 118 42 120 165
Route 19
FO: -140.500829
fast_of: -140.500829
Válida: t
158 23 101 67 145 77 155 40 118 42 120 20 98 165
Route 20
FO: -164.918516
fast_of: -164.918516
Válida: t
158 9 87 56 65 134 143 77 155 42 120 165
Route 21
FO: -180.771014
fast_of: -180.771014
Válida: t
158 56 65 134 143 22 100 25 103 40 118 42 120 165
Route 22
FO: -176.176581
fast_of: -176.176581
Válida: t
158 23 101 0 41 78 34 119 112 51 129 40 118 165
Route 23
FO: -156.152576
fast_of: -156.152576
Válida: t
158 56 65 134 143 22 100 34 112 40 118 42 120 165
Route 24
FO: -191.831477
fast_of: -191.831477
Válida: t
158 74 152 40 118 42 120 20 98 32 110 165
Route 25
FO: -115.701153
fast_of: -115.701153
Válida: t
158 9 87 56 65 134 143 75 153 77 155 40 118 42 120 20 98 165
Route 26
FO: -151.612182
fast_of: -151.612182
Válida: t
158 9 87 56 65 134 143 17 95 54 132 165
Route 27
FO: -104.166035
fast_of: -104.166035
Válida: t
158 48 126 23 101 59 41 137 34 119 112 25 103 74 152 40 118 42 120 165
Route 28
FO: -98.062711
fast_of: -98.062711
Válida: t
158 23 101 56 65 134 143 55 133 20 98 19 97 165
Route 29
FO: -126.680092
fast_of: -126.680092
Válida: t
158 9 87 56 65 134 143 75 153 22 100 40 118 42 120 20 98 165
Route 30
FO: -83.455765
fast_of: -83.455765
Válida: t
158 23 101 56 65 134 143 75 153 22 100 40 118 42 120 20 98 165
////////Airplane 3////////
Route 0
FO: -173.475402
fast_of: -173.475402
Válida: t
159 9 87 60 138 54 132 6 84 166
Route 1
FO: -160.078613
fast_of: -160.078613
Válida: t
159 9 87 60 138 54 132 77 155 6 84 166
Route 2
FO: -79.239732
fast_of: -79.239732
Válida: t
159 23 101 60 138 54 132 77 155 6 84 166
Route 3
FO: -260.248300
fast_of: -260.248300
Válida: t
159 166
Route 4
FO: -171.349059
fast_of: -171.349059
Válida: t
159 49 127 72 150 54 132 77 155 14 92 6 84 1 79 166
Route 5
FO: -73.026811
fast_of: -73.026811
Válida: t
159 23 101 60 138 21 99 49 127 72 150 27 54 132 105 77 155 14 92 6 84 1 79 166
Route 6
FO: -73.026811
fast_of: -73.026811
Válida: t
159 23 101 60 138 21 99 49 127 72 150 27 54 132 105 77 155 14 92 6 84 1 79 166
Route 7
FO: -207.117122
fast_of: -207.117122
Válida: t
159 46 124 21 99 49 127 72 150 54 132 77 155 6 84 166
Route 8
FO: -212.952670
fast_of: -208.697724
Válida: t
159 49 127 24 102 54 132 6 84 1 79 166
Route 9
FO: -224.111022
fast_of: -224.111022
Válida: t
159 60 138 41 119 49 127 72 150 54 132 77 155 1 79 166
Route 10
FO: -148.703416
fast_of: -148.703416
Válida: t
159 23 101 25 103 6 84 1 79 166
Route 11
FO: -205.561983
fast_of: -205.561983
Válida: t
159 60 138 0 78 72 150 54 132 77 155 1 79 166
Route 12
FO: -163.331290
fast_of: -163.331290
Válida: t
159 69 147 1 79 6 84 166
Route 13
FO: -208.313404
fast_of: -208.313404
Válida: t
159 49 127 17 95 76 154 166
Route 14
FO: -175.748812
fast_of: -175.748812
Válida: t
159 9 87 34 112 54 132 77 155 166
Route 15
FO: -86.298973
fast_of: -86.298973
Válida: t
159 23 101 60 138 21 99 49 127 72 150 54 132 77 155 1 79 76 154 166
Route 16
FO: -179.680712
fast_of: -175.425766
Válida: t
159 73 151 24 102 54 132 66 144 6 84 1 79 166
Route 17
FO: -59.246756
fast_of: -59.246756
Válida: t
159 23 101 60 138 34 112 75 153 49 127 71 149 54 132 77 155 1 79 6 84 166
Route 18
FO: -50.555321
fast_of: -50.555321
Válida: t
159 23 101 60 138 65 143 71 149 54 132 77 155 6 84 166
Route 19
FO: -102.749745
fast_of: -102.749745
Válida: t
159 73 151 60 138 54 132 71 77 149 155 6 84 166
Route 20
FO: -136.000636
fast_of: -136.000636
Válida: t
159 73 151 60 138 0 78 71 77 149 155 6 84 166
Route 21
FO: -192.475996
fast_of: -192.475996
Válida: t
159 9 87 60 138 66 144 6 84 166
Route 22
FO: -196.479471
fast_of: -196.479471
Válida: t
159 9 87 58 136 54 132 6 84 166
Route 23
FO: -239.191800
fast_of: -239.191800
Válida: t
159 9 87 58 136 54 132 66 144 166
Route 24
FO: -136.003359
fast_of: -136.003359
Válida: t
159 23 101 60 138 65 143 34 112 54 132 77 155 166
Route 25
FO: -122.347122
fast_of: -122.347122
Válida: t
159 23 101 60 138 34 112 75 153 71 149 54 132 77 155 40 118 166
Route 26
FO: -81.386444
fast_of: -81.386444
Válida: t
159 11 89 9 87 34 112 54 132 6 84 26 104 166
Route 27
FO: -148.654870
fast_of: -148.654870
Válida: t
159 9 87 34 112 25 103 77 66 144 155 166
Route 28
FO: -4.371771
fast_of: -4.371771
Válida: t
159 23 101 9 87 34 112 54 132 71 77 149 155 1 79 6 84 166
Route 29
FO: -144.907280
fast_of: -144.907280
Válida: t
159 9 87 34 112 71 149 77 66 144 155 40 118 166
Route 30
FO: -77.943037
fast_of: -77.943037
Válida: t
159 8 86 71 77 149 74 152 155 6 84 166
Route 31
FO: -113.738535
fast_of: -113.738535
Válida: t
159 52 130 9 87 22 100 77 66 144 155 6 84 166
Route 32
FO: -35.896241
fast_of: -35.896241
Válida: t
159 23 101 60 138 21 99 49 127 17 95 27 54 132 105 77 155 6 84 166
Route 33
FO: -85.159267
fast_of: -85.159267
Válida: t
159 52 130 53 131 22 100 54 132 77 66 144 155 6 84 166
Route 34
FO: -114.625243
fast_of: -114.625243
Válida: t
159 52 48 126 130 56 134 22 100 54 132 77 74 152 155 6 84 166
Route 35
FO: -100.872802
fast_of: -100.872802
Válida: t
159 23 101 56 65 134 143 22 100 54 132 6 84 166
Route 36
FO: -29.943837
fast_of: -29.943837
Válida: t
159 23 101 9 87 25 103 54 132 71 77 149 155 1 79 6 84 166
Route 37
FO: -6.562639
fast_of: -6.562639
Válida: t
159 23 101 60 138 21 99 75 153 17 95 27 54 132 105 77 66 144 68 155 146 40 118 6 84 166
Route 38
FO: -8.276875
fast_of: -8.276875
Válida: t
159 8 86 11 89 9 87 34 112 55 49 127 72 150 133 6 84 166
Route 39
FO: 0.000000
fast_of: 0.000000
Válida: t
159 23 101 9 87 34 112 55 133 71 77 149 155 1 79 6 84 166
Route 40
FO: -27.736224
fast_of: -27.736224
Válida: t
159 8 86 11 89 9 87 65 143 55 49 127 72 150 133 37 6 84 115 166
Route 41
FO: 0.000000
fast_of: 0.000000
Válida: t
159 23 101 60 138 59 137 75 153 17 95 54 132 77 66 144 68 155 146 6 84 166
Route 42
FO: 0.000000
fast_of: 0.000000
Válida: t
159 8 86 11 89 9 87 34 112 55 49 127 72 150 133 37 6 84 115 166
Route 43
FO: -0.000000
fast_of: -0.000000
Válida: t
159 23 101 60 138 0 78 75 153 17 95 27 54 132 105 77 66 144 68 155 146 40 118 6 84 166
Route 44
FO: -40.890356
fast_of: -40.890356
Válida: t
159 8 86 11 89 9 87 75 153 55 49 127 72 150 133 37 6 84 115 166
Route 45
FO: -21.009180
fast_of: -21.009180
Válida: t
159 11 89 53 131 41 22 119 100 54 132 77 66 144 155 6 84 166
Route 46
FO: -34.812414
fast_of: -34.812414
Válida: t
159 23 101 60 138 35 113 77 66 144 155 6 84 166
Route 47
FO: -62.520100
fast_of: -62.520100
Válida: t
159 23 101 62 140 77 7 155 85 6 84 166
////////Airplane 4////////
Route 0
FO: -22.080966
fast_of: -22.080966
Válida: t
160 52 130 11 89 61 139 55 133 17 95 31 109 26 104 167
Route 1
FO: -16.952547
fast_of: -16.952547
Válida: t
160 52 130 11 89 61 139 55 133 17 95 38 31 109 116 26 104 167
Route 2
FO: 0.000000
fast_of: 0.000000
Válida: t
160 52 130 11 89 61 139 55 133 17 95 77 31 109 155 26 104 167
Route 3
FO: -242.520888
fast_of: -242.520888
Válida: t
160 167
Route 4
FO: -145.676721
fast_of: -145.151408
Válida: t
160 52 130 73 151 61 139 65 143 75 153 55 133 69 147 68 146 50 128 26 104 3 81 167
Route 5
FO: -141.775974
fast_of: -141.250661
Válida: t
160 52 130 67 73 151 145 61 139 65 143 75 153 55 133 69 147 68 146 50 128 26 104 3 81 167
Route 6
FO: -141.775974
fast_of: -141.250661
Válida: t
160 52 130 67 73 151 145 61 139 65 143 75 153 55 133 69 147 68 146 50 128 26 104 3 81 167
Route 7
FO: -152.900527
fast_of: -152.375214
Válida: t
160 46 124 61 139 65 143 75 153 55 133 69 147 68 146 3 81 167
Route 8
FO: -159.480415
fast_of: -159.480415
Válida: t
160 73 151 61 139 65 143 75 153 55 133 69 147 68 146 19 97 26 104 167
Route 9
FO: -181.658815
fast_of: -181.658815
Válida: t
160 11 89 55 133 69 147 68 146 1 79 167
Route 10
FO: -48.801243
fast_of: -48.801243
Válida: t
160 52 130 11 89 59 137 55 133 17 95 6 84 26 104 167
Route 11
FO: -229.467091
fast_of: -229.467091
Válida: t
160 41 119 69 147 1 79 167
Route 12
FO: -159.391598
fast_of: -159.391598
Válida: t
160 52 130 73 151 65 143 34 112 75 153 55 133 51 129 26 104 167
Route 13
FO: -117.220381
fast_of: -117.220381
Válida: t
160 52 130 73 151 22 100 75 153 55 133 69 147 167
Route 14
FO: -151.616034
fast_of: -151.616034
Válida: t
160 11 89 61 139 55 133 31 109 40 118 167
Route 15
FO: -153.538317
fast_of: -153.538317
Válida: t
160 52 130 61 139 31 109 40 118 6 37 115 84 167
Route 16
FO: -151.638858
fast_of: -151.638858
Válida: t
160 52 130 73 151 65 143 75 153 17 95 51 129 167
Route 17
FO: -30.636301
fast_of: -30.636301
Válida: t
160 11 89 67 61 139 145 55 133 54 132 71 31 109 149 50 128 26 104 167
Route 18
FO: -125.606700
fast_of: -125.606700
Válida: t
160 73 151 61 139 75 153 55 133 6 84 167
Route 19
FO: -121.256453
fast_of: -121.256453
Válida: t
160 52 130 11 89 59 137 40 118 6 84 26 104 167
Route 20
FO: 0.000000
fast_of: 0.000000
Válida: t
160 52 130 11 89 61 139 55 133 17 95 54 132 77 7 155 85 40 118 167
Route 21
FO: -162.682892
fast_of: -162.682892
Válida: t
160 52 130 0 78 75 153 55 133 51 129 26 104 167
Route 22
FO: -31.011879
fast_of: -31.011879
Válida: t
160 15 93 73 151 13 91 61 139 10 88 60 138 0 78 22 100 75 153 55 133 69 18 96 147 68 146 40 118 6 84 50 128 26 104 76 154 167
Route 23
FO: -0.000000
fast_of: -0.000000
Válida: t
160 15 93 73 151 13 91 61 139 10 88 60 138 0 78 22 100 75 153 55 133 69 147 40 118 6 37 115 84 76 154 167
Route 24
FO: -140.087983
fast_of: -140.087983
Válida: t
160 52 130 9 87 40 118 31 109 6 37 115 84 167
Route 25
FO: -61.784941
fast_of: -61.259628
Válida: t
160 15 93 73 151 13 91 61 139 10 88 60 138 0 78 75 153 22 100 74 152 40 118 6 3 84 81 167
Route 26
FO: 0.000000
fast_of: 0.000000
Válida: t
160 52 130 11 89 61 139 17 95 31 42 120 109 20 50 128 98 26 104 167
Route 27
FO: -100.470130
fast_of: -100.470130
Válida: t
160 52 130 54 132 42 31 109 120 20 98 26 104 167
Route 28
FO: -135.532421
fast_of: -135.532421
Válida: t
160 15 93 73 67 151 10 145 88 60 138 0 78 22 34 112 100 7 85 40 118 6 37 50 128 115 84 167
Route 29
FO: 0.000000
fast_of: 0.000000
Válida: t
160 15 93 73 151 13 91 61 139 10 88 60 138 0 78 75 153 55 133 18 69 96 147 40 118 42 120 6 84 50 128 26 104 167
Route 30
FO: -172.748760
fast_of: -168.493814
Válida: t
160 52 130 15 93 73 151 60 138 0 78 22 34 112 100 7 85 24 102 37 115 167
Route 31
FO: -51.546556
fast_of: -51.546556
Válida: t
160 52 130 11 89 0 78 17 95 25 103 42 31 109 120 20 50 128 98 26 104 167
Route 32
FO: -83.968500
fast_of: -83.968500
Válida: t
160 52 130 65 143 75 153 55 133 17 95 20 98 167
Route 33
FO: -49.522735
fast_of: -49.522735
Válida: t
160 52 130 67 61 139 145 65 143 75 153 55 133 69 147 47 125 26 104 167
Route 34
FO: -48.516699
fast_of: -48.516699
Válida: t
160 11 89 67 73 151 145 22 100 55 133 54 132 71 31 109 149 77 155 50 128 26 104 167
Route 35
FO: -26.825970
fast_of: -26.825970
Válida: t
160 11 89 53 131 65 143 55 133 17 95 38 31 109 116 50 128 26 104 167
Route 36
FO: 0.000000
fast_of: 0.000000
Válida: t
160 52 130 11 89 53 131 17 95 42 31 109 120 20 50 128 98 26 104 167
Route 37
FO: -60.209610
fast_of: -60.209610
Válida: t
160 52 130 11 89 65 143 55 133 17 95 51 129 50 128 26 104 167
Route 38
FO: -137.891479
fast_of: -137.891479
Válida: t
160 52 130 11 89 25 103 54 132 51 129 50 128 26 104 167
Route 39
FO: -95.306145
fast_of: -95.306145
Válida: t
160 48 126 11 89 61 139 65 143 75 153 55 133 69 147 68 146 50 128 26 104 167
Route 40
FO: -127.090409
fast_of: -127.090409
Válida: t
160 52 130 67 73 151 145 61 139 65 143 75 153 22 100 69 147 68 146 6 84 50 128 26 104 167
Route 41
FO: -55.702285
fast_of: -55.702285
Válida: t
160 15 93 73 151 13 91 61 139 10 88 60 138 0 78 22 100 51 129 47 125 40 118 6 84 167
Route 42
FO: -80.200736
fast_of: -80.200736
Válida: t
160 52 130 56 0 134 78 22 100 75 153 55 133 69 147 167
Route 43
FO: -98.146404
fast_of: -93.891458
Válida: t
160 15 93 73 151 13 91 61 139 10 88 60 138 0 78 22 100 75 153 55 133 24 102 40 118 6 37 115 84 167
Route 44
FO: -72.238038
fast_of: -72.238038
Válida: t
160 52 130 11 89 58 136 17 95 25 103 42 31 109 120 20 50 128 98 167
Route 45
FO: -142.083612
fast_of: -142.083612
Válida: t
160 48 126 65 143 55 133 6 84 167
Route 46
FO: -87.229536
fast_of: -87.229536
Válida: t
160 52 130 16 94 73 151 65 143 75 153 55 133 20 98 26 104 167
Route 47
FO: -34.873847
fast_of: -34.873847
Válida: t
160 52 130 67 73 151 145 61 139 65 143 75 153 55 133 69 147 68 7 85 146 47 125 167
Route 48
FO: -58.097361
fast_of: -58.097361
Válida: t
160 52 130 67 61 139 145 65 143 75 153 55 133 69 147 74 152 26 104 167
Route 49
FO: -50.192355
fast_of: -50.192355
Válida: t
160 11 89 56 134 17 95 25 103 42 31 109 120 20 50 128 98 26 104 167
Route 50
FO: -103.385350
fast_of: -103.385350
Válida: t
160 52 130 16 94 65 143 75 153 55 133 20 98 19 97 167
Route 51
FO: 0.000000
fast_of: 0.000000
Válida: t
160 52 130 11 89 58 136 0 78 55 133 17 95 42 31 109 120 20 50 128 98 167
Route 52
FO: -36.881280
fast_of: -36.881280
Válida: t
160 11 89 61 139 75 153 55 133 17 95 77 37 155 115 26 104 167
Route 53
FO: -133.388820
fast_of: -133.388820
Válida: t
160 0 65 78 143 75 153 55 133 69 147 68 146 47 125 167
Route 54
FO: -30.152126
fast_of: -30.152126
Válida: t
160 11 89 67 61 139 145 65 143 75 153 55 133 69 147 74 152 50 128 26 104 167
Route 55
FO: -6.374881
fast_of: -6.374881
Válida: t
160 48 46 126 124 73 151 13 91 55 133 69 147 167
Route 56
FO: -91.383574
fast_of: -91.383574
Válida: t
160 52 130 56 0 134 78 75 153 55 133 17 95 50 128 26 104 167
Route 57
FO: -64.059010
fast_of: -64.059010
Válida: t
160 11 89 65 143 75 153 55 133 20 50 128 98 26 104 167
Route 58
FO: -64.146077
fast_of: -64.146077
Válida: t
160 52 130 15 93 73 151 41 22 119 34 112 100 69 147 167
Route 59
FO: -39.954472
fast_of: -39.954472
Válida: t
160 11 89 53 131 65 143 55 133 69 147 74 152 26 104 167
Route 60
FO: -9.722288
fast_of: -9.722288
Válida: t
160 11 89 9 87 55 133 71 31 109 149 20 50 128 98 26 104 167
Route 61
FO: 0.000000
fast_of: 0.000000
Válida: t
160 11 89 9 87 34 112 71 31 109 149 20 50 128 98 26 104 167
Route 62
FO: 0.000000
fast_of: 0.000000
Válida: t
160 52 130 67 73 151 145 61 139 65 143 75 153 55 133 17 95 54 132 77 155 20 98 50 128 26 104 167
////////Airplane 5////////
Route 0
FO: -54.214092
fast_of: -49.959146
Válida: t
161 16 48 94 126 58 136 53 131 33 111 27 105 24 102 74 5 152 83 32 110 168
Route 1
FO: -4.374316
fast_of: -0.119370
Válida: t
161 64 16 142 48 94 126 58 136 53 131 56 134 33 111 27 105 24 102 74 5 152 83 20 98 32 110 168
Route 2
FO: -60.278623
fast_of: -56.023677
Válida: t
161 64 16 142 48 94 126 67 145 53 131 56 134 33 111 27 105 24 102 74 5 152 83 20 98 32 110 168
Route 3
FO: -231.977566
fast_of: -231.977566
Válida: t
161 168
Route 4
FO: -174.524675
fast_of: -174.524675
Válida: t
161 74 152 5 83 32 110 168
Route 5
FO: -114.614186
fast_of: -114.614186
Válida: t
161 23 101 10 88 77 74 152 5 83 155 20 98 32 110 168
Route 6
FO: -99.623338
fast_of: -99.623338
Válida: t
161 23 101 27 105 77 74 152 5 83 155 20 98 32 110 168
Route 7
FO: -192.269144
fast_of: -192.269144
Válida: t
161 46 124 18 77 96 155 32 110 168
Route 8
FO: -176.094252
fast_of: -176.094252
Válida: t
161 16 48 94 126 59 137 74 5 152 83 19 97 32 110 168
Route 9
FO: -228.429193
fast_of: -228.429193
Válida: t
161 74 152 1 79 32 110 168
Route 10
FO: -171.690525
fast_of: -171.690525
Válida: t
161 23 101 59 137 69 5 147 83 32 110 168
Route 11
FO: -200.157813
fast_of: -195.902867
Válida: t
161 53 131 41 119 34 112 24 102 74 152 19 97 32 110 168
Route 12
FO: -81.312480
fast_of: -81.312480
Válida: t
161 53 131 56 134 33 111 51 129 74 5 152 83 32 110 168
Route 13
FO: -186.270739
fast_of: -186.270739
Válida: t
161 23 101 25 103 69 147 5 83 32 110 168
Route 14
FO: -167.852352
fast_of: -167.852352
Válida: t
161 48 126 74 5 152 83 76 154 32 110 168
Route 15
FO: -58.829199
fast_of: -58.829199
Válida: t
161 64 16 142 48 94 126 58 136 53 131 33 111 25 103 71 149 74 5 152 83 32 110 168
Route 16
FO: -47.380459
fast_of: -43.125513
Válida: t
161 52 130 53 131 33 111 27 105 24 102 74 5 152 83 32 110 168
Route 17
FO: -71.573505
fast_of: -71.573505
Válida: t
161 64 16 142 48 94 126 58 136 53 131 17 95 74 5 152 83 32 110 76 154 168
Route 18
FO: -98.523000
fast_of: -98.523000
Válida: t
161 64 16 142 48 94 126 34 112 17 95 74 5 152 83 32 110 76 154 168
Route 19
FO: -171.124838
fast_of: -171.124838
Válida: t
161 64 16 142 48 94 126 58 136 65 143 74 5 152 83 40 118 76 154 168
Route 20
FO: -114.591164
fast_of: -114.591164
Válida: t
161 64 16 142 48 94 126 0 78 55 133 74 5 152 83 32 110 76 154 168
Route 21
FO: -86.052499
fast_of: -81.797553
Válida: t
161 64 16 142 48 94 126 53 131 55 133 24 102 74 5 152 83 42 120 20 98 32 110 168
Route 22
FO: -182.310919
fast_of: -178.055973
Válida: t
161 58 136 25 103 27 105 24 102 74 5 152 83 32 110 168
Route 23
FO: -166.300572
fast_of: -162.045626
Válida: t
161 64 16 142 46 94 124 67 145 24 102 74 5 152 83 20 98 32 110 168
Route 24
FO: -105.186341
fast_of: -105.186341
Válida: t
161 53 131 34 112 51 129 74 5 152 83 32 110 168
Route 25
FO: -27.413206
fast_of: -23.158261
Válida: t
161 64 16 142 48 94 126 58 136 60 138 33 111 27 105 24 102 74 5 152 83 20 98 32 110 168
Route 26
FO: -59.678165
fast_of: -59.678165
Válida: t
161 64 16 142 48 94 126 58 136 53 131 25 103 74 5 152 83 47 125 76 154 168
Route 27
FO: -74.680466
fast_of: -74.680466
Válida: t
161 64 16 142 48 94 126 9 87 53 131 17 95 74 5 152 83 32 110 168
Route 28
FO: 0.000000
fast_of: 4.254946
Válida: t
161 64 16 142 48 94 126 58 136 53 131 33 111 27 105 24 102 74 5 152 83 42 120 20 98 32 110 168
Route 29
FO: -133.092400
fast_of: -133.092400
Válida: t
161 64 16 142 48 94 15 93 126 73 151 34 112 25 103 17 95 54 132 51 129 74 5 152 83 40 118 47 125 32 110 168
Route 30
FO: -105.907085
fast_of: -101.652139
Válida: t
161 15 93 52 130 58 136 60 138 53 131 34 112 25 103 24 102 51 129 74 5 152 83 47 125 32 110 168
Route 31
FO: -63.621155
fast_of: -63.621155
Válida: t
161 64 46 142 48 124 126 58 136 53 131 25 103 74 5 152 83 47 125 168
Route 32
FO: -0.000000
fast_of: 4.254946
Válida: t
161 64 16 142 48 94 126 67 73 151 10 88 145 53 131 65 143 35 113 33 111 27 105 24 102 74 5 152 83 40 118 20 98 26 104 76 154 168
Route 33
FO: -110.031905
fast_of: -110.031905
Válida: t
161 46 124 9 87 25 103 17 95 74 5 152 83 32 110 168
Route 34
FO: 0.000000
fast_of: 4.254946
Válida: t
161 64 16 142 67 94 13 91 61 139 145 56 65 134 143 75 153 35 113 33 111 27 54 132 105 24 102 51 129 74 5 152 83 20 98 32 110 168
Route 35
FO: -69.122070
fast_of: -69.122070
Válida: t
161 64 16 142 48 94 126 58 136 53 131 56 134 22 100 51 129 5 74 83 152 47 125 20 98 32 110 168
Route 36
FO: -110.259175
fast_of: -110.259175
Válida: t
161 64 16 142 48 94 15 93 126 53 131 34 112 25 103 17 95 54 132 51 129 5 83 47 125 32 110 168
Route 37
FO: -57.715375
fast_of: -57.715375
Válida: t
161 48 126 58 136 53 131 65 143 33 111 74 5 152 83 20 98 32 110 168
Route 38
FO: -119.310994
fast_of: -119.310994
Válida: t
161 64 16 142 48 94 15 93 126 58 136 65 143 17 95 25 103 54 132 74 5 152 83 47 125 32 110 168
Route 39
FO: -41.761400
fast_of: -37.506454
Válida: t
161 64 48 142 46 126 124 58 136 53 131 56 134 33 111 27 105 24 102 74 5 152 83 32 110 168
Route 40
FO: -0.000000
fast_of: 4.254946
Válida: t
161 64 16 142 48 94 126 58 136 53 131 56 134 33 111 27 105 24 102 51 129 74 5 152 83 47 125 32 110 168
Route 41
FO: -54.695478
fast_of: -50.440532
Válida: t
161 46 124 23 101 10 88 33 111 25 103 54 132 24 102 74 5 152 83 47 125 20 98 26 104 32 110 168
Route 42
FO: 0.000000
fast_of: 4.254946
Válida: t
161 64 16 142 48 94 126 58 136 53 131 33 111 27 54 132 105 24 102 74 5 152 83 20 98 32 110 168
Route 43
FO: -47.631832
fast_of: -43.376886
Válida: t
161 64 46 142 48 124 126 58 136 53 131 56 134 33 111 27 105 24 102 51 129 5 83 47 125 32 110 168
Route 44
FO: -33.785806
fast_of: -29.530860
Válida: t
161 58 136 53 131 56 134 33 111 27 54 132 105 24 102 74 5 152 83 47 125 32 110 168
Route 45
FO: -80.934957
fast_of: -80.934957
Válida: t
161 64 46 142 48 124 126 58 136 53 131 34 112 25 103 7 85 47 125 32 110 168
Route 46
FO: -140.018289
fast_of: -135.763343
Válida: t
161 46 48 124 126 58 136 65 143 22 100 25 103 54 132 24 102 74 5 152 83 47 125 168
Route 47
FO: -0.000000
fast_of: -0.000000
Válida: t
161 64 46 142 48 124 126 58 136 53 131 56 134 35 113 33 111 74 5 152 83 47 125 6 84 168
Route 48
FO: -74.028681
fast_of: -74.028681
Válida: t
161 64 16 142 48 94 126 58 136 53 131 74 5 152 83 42 19 120 97 32 110 168
Route 49
FO: -6.739001
fast_of: -6.739001
Válida: t
161 64 46 142 48 124 126 58 136 53 131 65 143 35 113 33 111 74 5 152 83 47 125 6 84 168
Route 50
FO: -20.896637
fast_of: -16.641691
Válida: t
161 64 16 142 48 94 126 58 136 53 131 65 143 75 153 17 95 27 54 132 105 24 102 74 5 152 83 20 98 32 110 168
Route 51
FO: -37.040921
fast_of: -37.040921
Válida: t
161 16 46 94 124 23 101 10 88 33 111 25 103 54 132 51 129 74 5 152 83 47 125 20 98 26 104 168
Route 52
FO: -0.000000
fast_of: -0.000000
Válida: t
161 64 16 46 142 94 124 23 101 60 138 10 88 33 111 69 147 51 129 74 5 152 83 26 104 168
Route 53
FO: -0.000000
fast_of: -0.000000
Válida: t
161 64 16 142 48 94 126 9 87 58 136 53 131 65 143 75 153 17 95 54 132 71 149 74 5 152 83 47 125 32 110 168
Route 54
FO: -35.636538
fast_of: -35.636538
Válida: t
161 64 16 142 48 94 126 58 136 53 131 65 143 22 100 51 129 74 5 152 83 47 125 20 98 32 110 168
Route 55
FO: -24.542049
fast_of: -20.287103
Válida: t
161 11 89 53 131 33 111 27 105 24 102 74 5 152 83 32 110 168
Route 56
FO: -2.890201
fast_of: 1.364745
Válida: t
161 64 16 142 48 94 126 67 73 151 10 88 145 53 131 65 143 35 113 33 111 27 105 24 102 74 5 152 83 20 98 26 104 32 110 168
////////Airplane 6////////
Route 0
FO: -49.157965
fast_of: -49.157965
Válida: t
162 8 86 10 88 35 113 62 140 71 149 66 37 144 68 146 115 169
Route 1
FO: -11.509031
fast_of: -11.509031
Válida: t
162 8 86 23 101 10 88 35 113 62 140 71 149 27 105 66 37 144 68 146 115 45 123 169
Route 2
FO: -36.390030
fast_of: -36.390030
Válida: t
162 8 86 23 101 56 134 35 113 62 140 71 149 27 105 66 37 144 68 146 115 45 123 169
Route 3
FO: -231.143610
fast_of: -231.143610
Válida: t
162 169
Route 4
FO: -217.168672
fast_of: -217.168672
Válida: t
162 16 48 94 15 93 126 67 13 91 145 10 88 53 131 35 113 33 111 25 103 51 129 66 144 20 98 45 123 169
Route 5
FO: -186.877960
fast_of: -186.877960
Válida: t
162 16 48 94 15 93 126 67 13 91 145 10 88 53 131 35 113 33 111 25 103 51 129 66 144 20 50 98 128 76 154 45 123 169
Route 6
FO: -147.969583
fast_of: -147.969583
Válida: t
162 16 48 94 15 93 126 67 13 91 145 10 88 53 131 35 113 33 111 25 103 27 105 66 144 20 50 98 128 76 154 45 123 169
Route 7
FO: -188.122568
fast_of: -188.122568
Válida: t
162 48 46 126 124 35 113 33 111 25 103 51 129 66 144 169
Route 8
FO: -73.848264
fast_of: -73.848264
Válida: t
162 8 86 61 139 35 113 62 140 59 137 66 37 144 68 146 115 45 123 169
Route 9
FO: -60.845659
fast_of: -60.845659
Válida: t
162 11 89 35 113 62 140 71 149 66 37 144 68 146 115 45 123 169
Route 10
FO: -216.922009
fast_of: -216.922009
Válida: t
162 11 89 33 111 25 103 51 129 66 144 169
Route 11
FO: -116.787356
fast_of: -116.787356
Válida: t
162 10 88 35 113 62 140 41 119 25 103 66 37 144 68 146 115 45 123 169
Route 12
FO: -144.065766
fast_of: -144.065766
Válida: t
162 15 93 73 151 10 88 53 131 35 113 33 111 25 103 27 105 20 98 26 104 169
Route 13
FO: -260.578846
fast_of: -260.578846
Válida: t
162 22 100 25 103 66 144 169
Route 14
FO: -219.628020
fast_of: -219.628020
Válida: t
162 35 113 75 153 55 133 66 37 144 115 32 110 169
Route 15
FO: -126.642679
fast_of: -126.642679
Válida: t
162 15 93 13 91 10 88 35 113 62 140 33 111 69 147 40 118 66 144 169
Route 16
FO: -131.809824
fast_of: -131.809824
Válida: t
162 15 93 73 151 13 91 10 88 53 131 17 95 62 140 66 144 76 154 45 123 169
Route 17
FO: -33.658354
fast_of: -33.658354
Válida: t
162 8 86 23 101 9 87 35 113 62 140 33 111 54 132 66 18 96 37 144 68 146 115 76 154 45 123 169
Route 18
FO: -104.458759
fast_of: -104.458759
Válida: t
162 46 124 73 151 10 88 35 113 53 131 25 103 20 98 26 104 169
Route 19
FO: -153.113821
fast_of: -153.113821
Válida: t
162 61 139 35 113 62 140 66 37 144 26 115 104 169
Route 20
FO: -169.788899
fast_of: -169.788899
Válida: t
162 15 93 13 91 65 143 35 113 62 140 69 147 40 118 66 144 169
Route 21
FO: -218.625282
fast_of: -218.625282
Válida: t
162 48 15 93 126 67 73 151 145 10 88 25 103 51 129 20 98 76 154 45 123 169
Route 22
FO: -273.898242
fast_of: -273.898242
Válida: t
162 48 15 93 126 67 13 91 145 10 88 0 78 25 103 51 129 66 144 20 98 169
Route 23
FO: -207.369769
fast_of: -207.369769
Válida: t
162 10 88 22 100 42 120 66 144 6 84 169
Route 24
FO: -170.085480
fast_of: -170.085480
Válida: t
162 46 124 58 136 35 113 62 140 69 147 40 118 66 144 169
Route 25
FO: -207.967711
fast_of: -207.967711
Válida: t
162 48 15 93 126 67 13 91 145 10 88 35 113 25 103 27 105 66 144 20 98 32 110 169
Route 26
FO: -154.549160
fast_of: -154.549160
Válida: t
162 52 130 58 136 35 113 62 140 59 137 40 118 66 144 6 84 45 123 169
Route 27
FO: -145.880218
fast_of: -145.880218
Válida: t
162 52 130 60 138 35 113 62 140 66 37 144 26 115 104 169
Route 28
FO: -64.548472
fast_of: -64.548472
Válida: t
162 59 137 35 113 62 140 33 111 54 132 66 42 120 37 144 68 146 115 76 154 45 123 169
Route 29
FO: -165.777665
fast_of: -165.252353
Válida: t
162 46 124 58 136 35 113 62 140 69 147 40 118 66 144 6 3 84 81 26 104 169
Route 30
FO: -203.450552
fast_of: -203.450552
Válida: t
162 52 130 58 136 60 138 35 113 17 95 37 42 120 26 115 32 104 110 169
Route 31
FO: 0.000000
fast_of: 0.000000
Válida: t
162 8 86 11 89 10 88 35 113 62 140 77 66 144 68 146 155 169
Route 32
FO: -174.837907
fast_of: -174.837907
Válida: t
162 48 15 93 126 67 9 87 145 10 88 35 113 62 140 25 103 27 105 66 144 20 98 32 110 45 123 169
Route 33
FO: -94.506325
fast_of: -94.506325
Válida: t
162 10 88 35 113 62 140 59 137 25 103 66 37 144 68 146 115 45 123 169
Route 34
FO: -213.930984
fast_of: -209.676038
Válida: t
162 48 15 93 126 67 61 139 145 35 113 53 131 25 103 24 102 20 98 32 110 45 123 169
Route 35
FO: -29.687347
fast_of: -29.687347
Válida: t
162 46 124 23 101 35 113 62 140 71 149 66 37 144 68 146 115 45 123 169
Route 36
FO: 0.000000
fast_of: 0.000000
Válida: t
162 8 86 23 101 60 138 35 113 62 140 71 149 66 37 144 68 146 115 45 123 169
Route 37
FO: -51.057329
fast_of: -51.057329
Válida: t
162 8 86 10 88 35 113 62 140 33 111 54 132 31 66 109 37 144 68 146 115 169
Route 38
FO: -101.678481
fast_of: -101.678481
Válida: t
162 10 88 41 22 119 34 112 100 69 147 42 120 66 144 6 84 32 110 45 123 169
Route 39
FO: -54.545312
fast_of: -54.545312
Válida: t
162 10 88 41 65 143 22 119 34 112 100 69 147 42 120 66 144 6 84 76 154 45 123 169
Route 40
FO: -241.757361
fast_of: -241.757361
Válida: t
162 48 15 93 126 67 10 88 145 22 100 25 103 51 129 47 125 20 98 169
Route 41
FO: -0.000000
fast_of: -0.000000
Válida: t
162 46 124 23 101 35 113 62 140 71 149 66 77 144 68 146 155 169
Route 42
FO: -191.355964
fast_of: -191.355964
Válida: t
162 46 48 124 15 93 126 67 10 88 145 65 143 25 103 27 105 66 144 20 98 32 110 45 123 169
Route 43
FO: -110.138907
fast_of: -110.138907
Válida: t
162 11 89 58 136 35 113 62 140 69 147 40 118 66 144 6 84 26 104 169
Route 44
FO: -70.233662
fast_of: -70.233662
Válida: t
162 8 86 23 101 62 140 33 111 54 132 66 37 144 68 146 115 26 104 169
Route 45
FO: -188.254432
fast_of: -188.254432
Válida: t
162 11 89 58 136 35 113 17 95 37 42 120 26 115 32 104 110 169
Route 46
FO: -74.712768
fast_of: -74.712768
Válida: t
162 11 89 35 113 62 140 41 119 25 103 71 149 66 37 144 68 146 115 45 123 169
Route 47
FO: -32.329675
fast_of: -32.329675
Válida: t
162 8 86 10 88 35 113 62 140 71 149 66 37 144 68 146 115 45 123 169
Route 48
FO: -56.506980
fast_of: -52.252034
Válida: t
162 8 86 11 89 58 136 35 113 62 140 24 102 77 66 144 68 146 155 169
Route 49
FO: -138.263210
fast_of: -138.263210
Válida: t
162 48 126 35 113 62 140 41 119 25 103 71 149 66 37 144 68 146 115 169
Route 50
FO: -0.000000
fast_of: -0.000000
Válida: t
162 8 86 23 101 35 113 62 140 71 149 66 77 144 68 146 155 169
Route 51
FO: -14.393099
fast_of: -14.393099
Válida: t
162 8 86 11 89 56 134 35 113 62 140 71 149 66 37 144 68 146 115 169
Route 52
FO: 0.000000
fast_of: 0.000000
Válida: t
162 8 86 10 88 35 113 62 140 33 111 54 132 66 77 144 68 146 155 169
Route 53
FO: -80.898726
fast_of: -80.898726
Válida: t
162 11 89 58 136 60 138 10 88 35 113 62 140 17 95 74 152 37 42 120 26 115 104 169
Route 54
FO: -68.677110
fast_of: -68.677110
Válida: t
162 8 86 23 101 35 113 62 140 54 132 66 37 144 68 146 115 26 104 169
Route 55
FO: 0.000000
fast_of: 0.000000
Válida: t
162 8 86 23 101 9 87 56 134 35 113 62 140 33 111 54 132 66 42 120 37 144 68 146 115 76 154 45 123 169
Route 56
FO: -25.423042
fast_of: -25.423042
Válida: t
162 10 88 35 113 62 140 59 137 25 103 27 54 132 71 149 105 66 37 144 68 146 115 45 123 169
Route 57
FO: -61.253319
fast_of: -61.253319
Válida: t
162 8 86 10 88 35 113 62 140 59 137 25 103 66 42 120 37 144 68 146 115 45 123 169
Route 58
FO: -0.000000
fast_of: -0.000000
Válida: t
162 11 89 58 136 35 113 62 140 71 149 69 7 147 85 37 6 84 115 26 104 169
Route 59
FO: -63.220251
fast_of: -63.220251
Válida: t
162 46 124 23 101 35 113 62 140 69 147 66 37 144 68 146 115 45 123 169
Route 60
FO: -78.791602
fast_of: -78.791602
Válida: t
162 11 89 35 113 62 140 41 119 25 103 71 149 66 37 144 68 146 115 26 104 169
Route 61
FO: 0.000000
fast_of: 0.000000
Válida: t
162 8 86 10 88 35 113 62 140 59 137 25 103 71 149 66 42 120 37 144 68 146 115 26 104 76 154 169
Route 62
FO: -0.000000
fast_of: -0.000000
Válida: t
162 48 46 126 124 23 101 10 88 35 113 62 140 41 119 25 103 71 149 66 42 120 37 144 68 146 115 45 123 169
Route 63
FO: -31.158312
fast_of: -31.158312
Válida: t
162 11 89 35 113 62 140 71 149 66 77 144 68 146 155 169
