Airplane 0
FO: -32.239244
fast_of: -32.239244
Válida: t
156 73 151 9 87 34 112 25 103 69 7 147 85 76 154 163
Utility: 1144.126935

Airplane 1
FO: -6.457690
fast_of: -6.457690
Válida: t
157 46 67 124 13 91 145 41 59 119 137 44 122 70 148 18 96 51 129 19 3 81 97 1 79 164
Utility: 2461.277630

Airplane 2

Airplane 3
FO: -144.394079
fast_of: -144.394079
Válida: t
159 23 101 60 138 54 132 77 155 6 84 166
Utility: 1410.078440

Airplane 4
FO: -107.676139
fast_of: -107.676139
Válida: t
160 52 130 11 89 61 139 65 143 17 95 38 31 109 116 26 104 167
Utility: 1146.607442

Airplane 5
FO: -0.000000
fast_of: -0.000000
Válida: t
161 64 16 142 48 94 126 58 136 53 131 56 134 33 111 27 105 24 102 74 5 152 83 20 98 32 110 168
Utility: 2631.713509

Airplane 6
FO: -0.000000
fast_of: -0.000000
Válida: t
162 8 86 10 88 35 113 62 140 71 149 66 37 144 68 146 115 169
Utility: 681.064715

