Airplane 0
FO: 0.000000
fast_of: 0.000000
Válida: t
156 15 93 23 101 60 138 0 65 143 41 78 22 119 34 112 100 69 147 4 82 47 125 40 118 6 84 76 154 163
Utility: 2708.561470

Airplane 1
FO: -6.108102
fast_of: -6.108102
Válida: t
157 46 67 124 73 151 145 59 137 75 153 70 148 18 96 51 129 19 3 81 97 1 79 164
Utility: 2225.333482

Airplane 2

Airplane 3

Airplane 4
FO: -37.970967
fast_of: -37.970967
Válida: t
160 52 130 11 89 61 139 55 133 17 95 77 31 109 155 26 104 167
Utility: 1808.420762

Airplane 5
FO: -0.000000
fast_of: -0.000000
Válida: t
161 64 16 142 48 94 126 58 136 53 131 56 134 33 111 27 105 24 102 74 5 152 83 20 98 32 110 168
Utility: 2631.713509

Airplane 6
FO: -39.964066
fast_of: -22.191136
Válida: t
162 8 86 10 88 35 113 62 140 71 149 66 37 144 68 146 115 169
Utility: 681.064715

