Airplane 0
FO: -200.080774
fast_of: -200.080774
Válida: t
156 77 68 155 146 4 82 76 154 163
Utility: 940.459311

Airplane 1
FO: -152.350994
fast_of: -151.323598
Válida: t
157 15 93 16 94 13 91 58 136 60 138 35 113 34 112 25 103 70 148 18 71 149 31 96 109 3 81 63 141 164
Utility: 1154.253150

Airplane 2
FO: -61.169987
fast_of: -61.169987
Válida: t
158 52 67 130 61 145 139 41 55 119 69 133 147 40 118 42 120 14 92 6 84 1 79 165
Utility: 2096.235192

Airplane 3
FO: -330.912489
fast_of: -330.912489
Válida: t
159 73 151 59 137 49 127 72 150 54 132 24 102 12 90 47 125 37 115 166
Utility: 632.087636

Airplane 4

Airplane 5
FO: -108.683476
fast_of: -103.359421
Válida: t
161 8 86 11 89 9 87 56 0 134 78 22 100 62 140 17 95 27 105 7 85 74 152 5 83 19 97 32 110 168
Utility: 2368.755248

Airplane 6
FO: -149.603973
fast_of: -141.772780
Válida: t
162 48 46 126 124 23 101 10 88 53 131 65 143 75 153 33 111 51 129 66 144 20 98 45 123 169
Utility: 2127.662146

