Airplane 0
FO: -45.231406
fast_of: -45.231406
Válida: t
156 15 93 9 87 34 112 25 103 7 4 82 85 76 154 163
Utility: 848.607032

Airplane 1
FO: -0.000000
fast_of: -0.000000
Válida: t
157 46 67 124 13 91 145 41 59 119 137 44 122 70 148 18 96 51 129 19 3 81 97 1 79 164
Utility: 2461.277630

Airplane 2

Airplane 3
FO: -51.779555
fast_of: -51.779555
Válida: t
159 23 101 60 138 0 78 75 153 77 155 40 118 6 84 166
Utility: 1705.377834

Airplane 4
FO: -20.328765
fast_of: -20.328765
Válida: t
160 52 130 11 89 61 139 55 133 17 95 38 31 109 116 26 104 167
Utility: 1120.965055

Airplane 5
FO: 0.000000
fast_of: 3.460212
Válida: t
161 64 16 142 48 94 126 58 136 53 131 56 134 33 111 27 105 24 102 74 5 152 83 20 98 32 110 168
Utility: 2631.713509

Airplane 6
FO: 0.000000
fast_of: 0.000000
Válida: t
162 8 86 73 151 10 88 35 113 62 140 71 149 66 42 120 37 144 68 146 115 45 123 169
Utility: 852.533697

