Airplane 0
FO: -146.648004
fast_of: -146.648004
Válida: t
156 73 151 34 112 25 103 163
Utility: 359.453144

Airplane 1
FO: -78.107506
fast_of: -75.187930
Válida: t
157 46 67 124 13 91 145 59 137 70 148 18 96 51 129 19 3 81 97 1 79 164
Utility: 2034.467177

Airplane 2
FO: -160.574836
fast_of: -160.574836
Válida: t
158 0 65 143 78 22 100 75 153 17 95 69 147 40 118 6 37 115 84 76 154 165
Utility: 1740.575305

Airplane 3

Airplane 4
FO: -114.629083
fast_of: -114.629083
Válida: t
160 52 130 11 89 61 139 41 119 38 31 109 116 26 104 167
Utility: 1113.630286

Airplane 5
FO: 0.000000
fast_of: 0.000000
Válida: t
161 64 16 142 48 94 126 58 136 53 131 56 134 33 111 27 105 24 102 74 5 152 83 20 98 32 110 168
Utility: 2631.713509

Airplane 6
FO: -0.000000
fast_of: -0.000000
Válida: t
162 8 86 23 101 60 138 10 88 35 113 62 140 71 149 66 77 144 68 146 155 169
Utility: 1760.766186

