Airplane 0
156 15 93 16 67 94 145 53 131 33 111 25 103 27 105 24 102 31 109 19 4 82 97 32 110 163
Tiempos:
(0.000000, 34.530759) (36.000000, 36.000000) (45.624091, 45.624091) (78.341919, 78.341919) (92.517367, 92.517367) (115.792575, 115.792575) (137.379515, 189.339261) (225.000000, 225.000000) (235.844331, 244.502856) (283.000000, 283.000000) (323.947598, 323.947598) (358.022674, 358.022674) (375.601902, 375.601902) (386.009819, 386.009819) (422.036438, 422.036438) (425.369817, 425.369817) (442.554799, 442.554799) (461.099728, 461.099728) (488.957084, 488.957084) (504.916157, 504.916157) (528.828494, 528.828494) (529.950182, 529.950182) (549.089818, 551.178201) (562.000000, 562.000000) (585.303511, 585.303511) (589.221911, 589.221911) 
Utility: 2264.184501

Airplane 1
157 46 48 126 124 23 101 58 136 59 41 137 34 119 112 44 122 70 148 18 96 51 129 47 125 1 79 164
Tiempos:
(0.000000, 4.766661) (39.000000, 39.000000) (50.643360, 50.643360) (72.700404, 72.700404) (91.978259, 91.978259) (110.948151, 110.948151) (149.461101, 149.461101) (171.321404, 171.321404) (199.201599, 226.497383) (237.000000, 237.000000) (267.778766, 267.778766) (300.726438, 300.726438) (320.549160, 320.549160) (324.605610, 324.605610) (298.000000, 352.208783) (371.000000, 371.000000) (380.000000, 380.191624) (335.000000, 389.748907) (336.000000, 397.692604) (402.000000, 402.000000) (428.000000, 428.627116) (392.000000, 437.242099) (418.000000, 465.332939) (481.000000, 481.000000) (489.131298, 508.919187) (522.000000, 522.000000) (562.000000, 562.734962) (0.000000, 590.877293) 
Utility: 2568.158120

Airplane 2
158 52 130 73 151 61 65 139 143 75 153 55 133 71 69 149 147 40 118 42 120 20 98 28 106 165
Tiempos:
(0.000000, 0.000000) (24.438975, 24.438975) (58.477099, 58.477099) (94.486914, 94.486914) (125.323750, 125.323750) (155.544836, 177.778323) (203.000000, 203.000000) (225.632380, 225.632380) (242.528464, 273.769730) (279.000000, 279.000000) (286.788005, 289.422647) (298.000000, 298.000000) (327.916923, 371.573662) (385.000000, 385.000000) (396.282402, 396.282402) (408.905715, 408.905715) (450.641033, 450.641033) (457.209567, 457.209567) (477.250687, 477.250687) (487.616832, 487.616832) (504.879153, 504.879153) (512.162161, 512.162161) (552.900951, 552.900951) (591.354248, 591.354248) (625.134028, 625.134028) (663.952123, 663.952123) 
Utility: 1749.912010

Airplane 3

Airplane 4

Airplane 5
161 8 86 11 89 9 87 56 0 134 78 22 100 62 140 17 95 7 85 74 152 5 83 12 90 37 6 115 84 26 104 76 154 168
Tiempos:
(0.000000, 0.000000) (45.815805, 45.815805) (75.343042, 75.343042) (86.130079, 86.130079) (129.478003, 129.478003) (138.195774, 138.195774) (167.715285, 178.151959) (202.000000, 202.000000) (218.064901, 218.064901) (236.493341, 236.493341) (256.455405, 262.169477) (267.000000, 267.000000) (306.733843, 306.733843) (329.188060, 329.188060) (331.305922, 331.305922) (352.131239, 352.131239) (375.949476, 382.447274) (414.000000, 414.000000) (434.768397, 438.542610) (448.000000, 448.000000) (455.597420, 455.597420) (457.297462, 457.297462) (460.989751, 460.989751) (474.399817, 474.399817) (491.282968, 491.282968) (504.778027, 508.223798) (517.000000, 517.000000) (556.197276, 556.197276) (578.001569, 578.001569) (593.841344, 593.841344) (610.872206, 610.872206) (618.626204, 618.626204) (636.279432, 636.279432) (647.607800, 647.607800) 
Utility: 2304.941729

Airplane 6
162 10 88 77 66 144 68 146 155 45 123 169
Tiempos:
(0.000000, 157.844536) (169.000000, 169.000000) (173.054067, 412.397435) (422.000000, 425.525101) (434.000000, 434.000000) (465.874790, 465.874790) (471.012338, 471.012338) (493.729123, 493.729123) (499.208653, 540.857931) (572.000000, 572.000000) (589.592243, 589.592243) (596.573045, 596.573045) 
Utility: 883.087239

Total utility: 9770.283599
Tiempo total: 10.764677s
Corridas internas: 5
