Airplane 0
FO: -37.190886
fast_of: -37.190886
Válida: t
156 15 93 65 41 143 22 100 34 119 112 69 147 4 82 47 125 76 154 163
Utility: 1530.132059

Airplane 1
FO: -10.415786
fast_of: -10.415786
Válida: t
157 46 67 124 13 91 145 59 137 70 148 18 96 51 129 19 3 81 97 1 79 164
Utility: 2034.467177

Airplane 2

Airplane 3
FO: -124.471333
fast_of: -124.471333
Válida: t
159 23 101 60 138 54 132 77 155 6 84 166
Utility: 1410.078440

Airplane 4
FO: -39.724393
fast_of: -39.724393
Válida: t
160 52 130 11 89 61 139 55 133 17 95 38 31 109 116 26 104 167
Utility: 1120.965055

Airplane 5
FO: 0.000000
fast_of: 11.586157
Válida: t
161 64 16 142 48 94 126 58 136 53 131 56 134 33 111 27 105 24 102 74 5 152 83 20 98 32 110 168
Utility: 2631.713509

Airplane 6
FO: -100.140580
fast_of: -84.696129
Válida: t
162 8 86 10 88 35 113 62 140 71 149 66 37 144 68 146 115 169
Utility: 681.064715

