Airplane 0
FO: -230.499893
fast_of: -230.499893
Válida: t
156 77 155 76 154 32 110 163
Utility: 909.549222

Airplane 1
FO: -140.667804
fast_of: -140.667804
Válida: t
157 52 67 130 145 61 65 139 41 143 75 153 55 119 133 69 147 68 4 82 146 47 125 63 141 6 84 164
Utility: 2026.031779

Airplane 2
FO: -94.115799
fast_of: -94.115799
Válida: t
158 8 86 11 89 9 87 56 0 134 78 22 100 62 140 17 95 18 7 96 85 40 118 42 120 19 97 45 123 165
Utility: 2012.582594

Airplane 3
FO: -287.317473
fast_of: -287.317473
Válida: t
159 15 93 16 94 13 91 58 136 60 138 53 131 34 112 25 103 72 150 27 54 132 31 105 109 14 92 37 115 166
Utility: 1484.571442

Airplane 4
FO: -27.989354
fast_of: -27.989354
Válida: t
160 48 46 126 124 23 101 59 137 35 113 33 111 51 129 20 98 50 128 26 104 3 81 167
Utility: 2253.369037

Airplane 5

Airplane 6
FO: -202.408134
fast_of: -202.408134
Válida: t
162 10 88 70 148 44 122 24 102 71 149 66 144 1 79 169
Utility: 614.229324

