Airplane 0

Airplane 1
FO: -81.921240
fast_of: -81.921240
Válida: t
157 46 67 124 13 91 145 25 103 18 96 51 129 19 3 81 97 1 79 164
Utility: 1882.294759

Airplane 2

Airplane 3
FO: -248.595600
fast_of: -230.628446
Válida: t
159 9 87 59 137 54 132 166
Utility: 262.942112

Airplane 4
FO: -46.489376
fast_of: 13.246504
Válida: t
160 52 130 11 89 61 139 55 133 17 95 7 31 109 85 26 104 167
Utility: 1199.647936

Airplane 5
FO: -0.000000
fast_of: 12.882802
Válida: t
161 64 16 142 48 94 126 58 136 53 131 56 134 33 111 27 105 24 102 74 5 152 83 20 98 32 110 168
Utility: 2631.713509

Airplane 6
FO: -0.000000
fast_of: -0.000000
Válida: t
162 23 101 0 10 88 41 78 22 119 34 112 100 71 149 77 66 144 68 155 146 40 118 6 84 76 154 45 123 169
Utility: 3328.337642

