Airplane 0

Airplane 1
FO: -25.282207
fast_of: -4.874548
Válida: t
157 46 67 124 13 91 145 59 137 70 148 18 96 51 129 19 3 81 97 1 79 164
Utility: 2034.467177

Airplane 2
FO: 0.000000
fast_of: 0.000000
Válida: t
158 23 101 0 41 78 22 119 34 112 100 69 147 40 118 42 120 165
Utility: 1781.906948

Airplane 3
FO: -90.054188
fast_of: -90.054188
Válida: t
159 25 103 54 132 6 84 76 154 166
Utility: 662.984579

Airplane 4
FO: -0.000000
fast_of: -0.000000
Válida: t
160 52 130 11 89 61 139 55 133 17 95 77 31 109 155 26 104 167
Utility: 1808.420762

Airplane 5
FO: 0.000000
fast_of: 6.867567
Válida: t
161 64 16 142 48 94 126 58 136 53 131 56 134 33 111 27 105 24 102 74 5 152 83 20 98 32 110 168
Utility: 2631.713509

Airplane 6
FO: -0.000000
fast_of: -0.000000
Válida: t
162 8 86 10 88 35 113 62 140 71 149 66 37 144 68 146 115 169
Utility: 681.064715

