Airplane 0
FO: -229.926637
fast_of: -229.926637
Válida: t
156 69 147 4 82 68 146 76 154 32 110 163
Utility: 597.435842

Airplane 1
FO: -250.522187
fast_of: -247.859888
Válida: t
157 46 124 23 101 58 136 59 137 35 113 33 111 27 31 105 109 4 82 47 125 63 141 1 79 164
Utility: 2002.922998

Airplane 2
FO: -31.557568
fast_of: -31.557568
Válida: t
158 8 86 11 89 9 87 56 0 134 78 22 100 62 140 17 95 18 7 96 85 40 118 42 120 20 98 45 123 165
Utility: 2135.171838

Airplane 3
FO: -233.946480
fast_of: -233.946480
Válida: t
159 49 127 72 150 54 132 77 155 14 92 6 84 166
Utility: 833.442637

Airplane 4
FO: -82.399538
fast_of: -82.399538
Válida: t
160 52 130 73 151 61 139 41 65 143 75 153 55 119 133 51 129 37 115 50 128 26 104 3 81 167
Utility: 1734.464287

Airplane 5

Airplane 6
FO: -142.880349
fast_of: -142.880349
Válida: t
162 16 48 94 15 93 126 67 13 91 145 10 88 60 138 53 131 34 112 25 103 70 148 44 122 24 102 71 149 66 144 19 97 169
Utility: 2152.655877

