Airplane 0
FO: -148.702060
fast_of: -130.463522
Válida: t
156 10 88 77 66 144 68 155 146 4 82 76 154 32 110 163
Utility: 1328.147254

Airplane 1
FO: -222.611171
fast_of: -214.364839
Válida: t
157 15 93 16 94 13 91 58 136 60 138 35 113 34 112 25 103 70 148 18 24 102 31 96 109 3 81 63 141 164
Utility: 1256.604649

Airplane 2
FO: -88.907288
fast_of: -88.907288
Válida: t
158 52 67 130 145 61 65 139 41 143 55 119 69 133 147 40 118 42 120 6 84 165
Utility: 1988.375646

Airplane 3
FO: -264.642206
fast_of: -264.642206
Válida: t
159 48 46 126 124 23 101 53 131 62 140 33 111 72 71 150 149 54 132 51 129 14 92 37 115 166
Utility: 1593.928111

Airplane 4
FO: -138.458105
fast_of: -131.943564
Válida: t
160 8 86 11 89 9 87 56 0 134 78 22 100 75 153 17 95 27 7 85 105 20 98 50 128 26 104 28 106 167
Utility: 2429.876292

Airplane 5
FO: -213.458790
fast_of: -213.458790
Válida: t
161 73 151 59 137 74 152 5 83 47 125 19 97 1 79 168
Utility: 925.071461

Airplane 6

