Airplane 0

Airplane 1
FO: -158.516647
fast_of: -158.516647
Válida: t
157 73 67 151 145 61 65 143 139 62 140 59 137 44 122 70 148 18 69 96 147 68 146 47 125 63 141 1 79 164
Utility: 1843.837893

Airplane 2
FO: -97.260969
fast_of: -49.975482
Válida: t
158 16 94 15 93 23 101 58 136 53 131 35 113 33 111 25 103 51 129 40 118 31 42 109 120 14 92 6 84 165
Utility: 1874.115956

Airplane 3
FO: -169.607989
fast_of: -169.607989
Válida: t
159 52 130 48 46 126 124 13 91 60 138 41 119 34 112 55 72 150 133 54 132 24 102 12 90 37 115 19 97 166
Utility: 2193.872319

Airplane 4
FO: -97.681236
fast_of: -93.666281
Válida: t
160 8 86 11 29 107 89 9 87 56 0 134 78 22 100 75 153 17 95 27 7 85 105 20 98 50 128 26 104 3 81 76 154 167
Utility: 2831.868202

Airplane 5
FO: -197.053203
fast_of: -183.450833
Válida: t
161 71 77 149 74 152 5 83 155 32 110 168
Utility: 899.703691

Airplane 6

