Airplane 0
FO: -13.888716
fast_of: -13.888716
Válida: t
156 15 93 73 151 65 143 22 34 100 112 25 103 7 4 82 85 163
Utility: 927.731997

Airplane 1
FO: -8.762980
fast_of: -8.762980
Válida: t
157 46 67 124 61 139 145 41 59 119 137 44 122 70 148 18 96 51 129 19 3 81 97 1 79 164
Utility: 2680.199973

Airplane 2
FO: -215.042753
fast_of: -215.042753
Válida: t
158 69 147 40 118 165
Utility: 92.320027

Airplane 3
FO: -90.430534
fast_of: -90.430534
Válida: t
159 23 101 60 138 54 132 77 155 6 84 166
Utility: 1410.078440

Airplane 4
FO: -65.847417
fast_of: -65.847417
Válida: t
160 52 130 11 89 0 78 55 133 17 95 31 109 26 104 167
Utility: 1050.103926

Airplane 5
FO: 0.000000
fast_of: 0.000000
Válida: t
161 64 16 142 48 94 126 58 136 53 131 56 134 33 111 27 105 24 102 74 5 152 83 20 98 32 110 168
Utility: 2631.713509

Airplane 6
FO: -22.153345
fast_of: -21.213153
Válida: t
162 8 86 10 88 35 113 62 140 71 149 66 37 144 68 146 115 169
Utility: 681.064715

