Airplane 0
FO: -102.524071
fast_of: -102.524071
Válida: t
156 15 93 25 103 69 147 163
Utility: 246.550190

Airplane 1
FO: 0.000000
fast_of: 10.906731
Válida: t
157 46 67 124 61 139 145 41 59 119 137 44 122 70 148 18 96 51 129 19 3 81 97 1 79 164
Utility: 2680.199973

Airplane 2
FO: -202.863872
fast_of: -202.863872
Válida: t
158 52 130 9 87 34 112 75 153 7 85 76 154 165
Utility: 776.241985

Airplane 3
FO: -80.912895
fast_of: -80.912895
Válida: t
159 23 101 60 138 54 132 77 155 6 84 166
Utility: 1410.078440

Airplane 4
FO: -38.891891
fast_of: -38.891891
Válida: t
160 73 151 0 78 55 133 17 95 38 31 109 116 50 128 26 104 167
Utility: 771.314116

Airplane 5
FO: 0.000000
fast_of: 0.000000
Válida: t
161 64 16 142 48 94 126 58 136 53 131 56 134 33 111 27 105 24 102 74 5 152 83 20 98 32 110 168
Utility: 2631.713509

Airplane 6
FO: -25.252096
fast_of: -25.252096
Válida: t
162 8 86 11 89 10 88 35 113 62 140 71 149 66 37 144 68 146 115 45 123 169
Utility: 927.727581

