Airplane 0
FO: -0.000000
fast_of: -0.000000
Válida: t
156 15 93 73 151 77 66 144 68 155 146 4 82 47 125 163
Utility: 1098.005860

Airplane 1
FO: -77.302955
fast_of: -77.302955
Válida: t
157 46 67 124 13 91 145 59 137 70 148 18 96 51 129 19 3 81 97 1 79 164
Utility: 2034.467177

Airplane 2
FO: 0.000000
fast_of: 0.000000
Válida: t
158 23 101 0 41 78 22 100 119 25 103 69 7 85 147 40 118 42 120 37 115 26 104 76 154 165
Utility: 2461.841923

Airplane 3
FO: -174.163840
fast_of: -174.163840
Válida: t
159 9 87 60 138 54 132 6 84 166
Utility: 354.355700

Airplane 4
FO: -45.574687
fast_of: -45.574687
Válida: t
160 52 130 11 89 61 139 55 133 17 95 71 31 109 149 167
Utility: 1067.917906

Airplane 5
FO: -0.000000
fast_of: -0.000000
Válida: t
161 64 16 142 48 94 126 58 136 53 131 56 134 33 111 27 105 24 102 74 5 152 83 20 98 32 110 168
Utility: 2631.713509

Airplane 6

