Airplane 0
FO: -296.534307
fast_of: -296.534307
Válida: t
156 41 119 4 82 163
Utility: 128.462926

Airplane 1
FO: -36.138800
fast_of: -36.138800
Válida: t
157 46 67 124 73 151 145 60 138 0 65 143 78 22 34 112 100 44 122 70 148 18 96 51 129 47 125 164
Utility: 1995.107624

Airplane 2

Airplane 3
FO: -138.588149
fast_of: -138.588149
Válida: t
159 23 101 59 137 54 132 77 155 6 84 166
Utility: 1602.651513

Airplane 4
FO: 0.000000
fast_of: 0.000000
Válida: t
160 52 130 11 89 61 139 75 153 55 133 17 95 69 147 7 31 109 85 19 97 50 128 26 104 76 154 167
Utility: 2157.549423

Airplane 5
FO: 0.000000
fast_of: 33.581829
Válida: t
161 64 16 142 48 94 126 58 136 53 131 56 134 33 111 27 105 24 102 74 5 152 83 20 98 32 110 168
Utility: 2631.713509

Airplane 6
FO: -40.134185
fast_of: -28.778247
Válida: t
162 8 86 10 88 35 113 62 140 71 149 66 37 144 68 146 115 169
Utility: 681.064715

