Airplane 0

Airplane 1

Airplane 2
FO: -19.120545
fast_of: -19.120545
V치lida: t
158 23 101 29 107 58 136 60 138 65 41 143 119 34 112 55 133 71 149 51 129 40 118 42 120 6 3 84 81 1 79 165
Utility: 2627.239572

Airplane 3
FO: -199.815854
fast_of: -189.539518
V치lida: t
159 52 130 46 124 73 151 61 139 59 137 75 153 49 127 72 150 54 132 77 66 144 68 155 146 14 92 19 97 166
Utility: 2530.548771

Airplane 4

Airplane 5
FO: -54.701773
fast_of: -54.701773
V치lida: t
161 8 86 11 89 9 87 56 0 134 78 22 100 62 140 17 95 69 7 147 85 74 152 5 83 47 125 37 115 168
Utility: 1798.733835

Airplane 6
FO: 0.000000
fast_of: 0.000000
V치lida: t
162 16 48 94 15 93 126 67 13 91 145 10 88 53 131 35 113 33 111 25 103 27 105 24 102 31 109 20 98 26 104 76 154 45 123 169
Utility: 2961.281624

