Airplane 0
FO: -36.736799
fast_of: 11.538312
Válida: t
156 8 86 11 89 9 87 56 0 134 78 22 100 17 95 27 105 24 102 31 7 4 82 85 109 19 97 76 154 163
Utility: 2811.712744

Airplane 1
FO: -213.786609
fast_of: -213.786609
Válida: t
157 15 93 16 94 13 91 58 136 60 138 35 113 34 112 25 103 70 148 18 96 51 129 47 125 3 81 63 141 164
Utility: 1109.211191

Airplane 2

Airplane 3
FO: -88.819338
fast_of: -88.819338
Válida: t
159 48 46 126 124 23 101 61 139 53 131 62 140 33 111 71 72 150 149 54 132 14 92 6 84 1 79 166
Utility: 2117.679200

Airplane 4
FO: -34.099487
fast_of: -34.099487
Válida: t
160 73 151 59 137 77 66 144 68 155 37 146 115 50 128 26 104 167
Utility: 1560.082271

Airplane 5
FO: -92.687469
fast_of: -92.687469
Válida: t
161 52 67 130 145 65 143 41 75 153 55 119 69 133 147 74 152 5 83 20 98 32 110 168
Utility: 2061.426752

Airplane 6

