Airplane 0
FO: 0.000000
fast_of: 0.000000
Válida: t
156 15 93 73 151 9 87 56 0 134 78 22 100 25 103 69 7 147 4 82 85 40 118 6 37 115 84 76 154 163
Utility: 2316.068048

Airplane 1
FO: 0.000000
fast_of: 16.260650
Válida: t
157 46 67 124 13 91 145 41 59 119 137 44 122 70 148 18 96 51 129 19 3 81 97 1 79 164
Utility: 2461.277630

Airplane 2

Airplane 3
FO: -40.146858
fast_of: -40.146858
Válida: t
159 23 101 60 138 65 143 71 149 54 132 166
Utility: 808.428835

Airplane 4
FO: -28.727547
fast_of: -28.727547
Válida: t
160 52 130 11 89 61 139 55 133 17 95 31 109 66 144 26 104 167
Utility: 1245.615777

Airplane 5
FO: 0.000000
fast_of: 44.230433
Válida: t
161 64 16 142 48 94 126 58 136 53 131 33 111 27 105 24 102 74 5 152 83 42 120 20 98 32 110 168
Utility: 2298.897249

Airplane 6
FO: -143.805393
fast_of: -141.842686
Válida: t
162 8 86 10 88 35 113 62 140 77 68 146 155 169
Utility: 863.663318

