Airplane 0
FO: -145.087327
fast_of: -133.307980
Válida: t
156 8 86 11 89 9 87 56 0 134 78 22 100 62 140 17 95 27 105 18 7 96 85 19 4 82 97 76 154 32 110 163
Utility: 2716.478818

Airplane 1
FO: -222.107631
fast_of: -222.107631
Válida: t
157 59 137 44 122 69 147 68 4 82 146 47 125 63 141 6 84 164
Utility: 689.466021

Airplane 2
FO: -203.776925
fast_of: -203.776925
Válida: t
158 77 155 40 118 42 120 45 123 165
Utility: 631.637949

Airplane 3
FO: -328.057157
fast_of: -328.057157
Válida: t
159 46 124 23 101 58 136 65 143 35 113 75 153 33 111 72 150 54 132 31 109 14 92 37 115 166
Utility: 1462.213347

Airplane 4
FO: -114.354134
fast_of: -114.354134
Válida: t
160 52 130 73 151 61 139 41 55 119 133 51 129 20 98 50 128 26 104 3 81 167
Utility: 1753.523849

Airplane 5

Airplane 6
FO: -130.259626
fast_of: -130.259626
Válida: t
162 16 48 94 15 93 126 67 13 91 145 10 88 60 138 53 131 34 112 25 103 70 148 44 122 24 102 71 149 66 144 1 79 45 123 169
Utility: 2100.681628

