Airplane 0
FO: -0.000000
fast_of: -0.000000
Válida: t
156 15 93 16 67 94 13 91 61 139 145 60 138 0 78 22 100 27 105 24 102 31 109 19 4 82 97 1 79 163
Utility: 2711.995228

Airplane 1

Airplane 2
FO: 0.000000
fast_of: 0.000000
Válida: t
158 23 101 9 87 58 136 65 41 143 119 34 112 75 153 55 133 71 149 69 147 40 118 42 120 20 98 76 154 165
Utility: 2982.935382

Airplane 3
FO: -106.082125
fast_of: -106.082125
Válida: t
159 8 86 17 95 77 7 155 85 6 84 166
Utility: 1108.927904

Airplane 4

Airplane 5
FO: -35.178379
fast_of: -35.178379
Válida: t
161 52 130 53 131 56 134 33 111 74 5 152 83 32 110 168
Utility: 936.810856

Airplane 6
FO: -67.843392
fast_of: -67.843392
Válida: t
162 48 46 126 124 73 151 10 88 62 140 59 137 25 103 66 37 144 68 146 115 26 104 169
Utility: 1759.278569

