Airplane 0
FO: -225.049613
fast_of: -225.049613
Válida: t
156 52 130 73 151 59 137 77 68 155 146 4 82 76 154 32 110 163
Utility: 1646.652275

Airplane 1
FO: -134.786964
fast_of: -134.786964
Válida: t
157 11 89 13 91 58 136 65 143 22 34 100 112 25 103 27 105 18 7 4 82 96 85 47 125 63 141 6 84 164
Utility: 1895.027492

Airplane 2
FO: -53.990480
fast_of: -50.424798
Válida: t
158 16 94 15 93 23 101 60 138 53 131 75 153 35 113 33 111 51 129 40 118 31 42 109 120 19 97 45 123 165
Utility: 1807.425917

Airplane 3
FO: -267.417185
fast_of: -267.417185
Válida: t
159 49 127 72 150 54 132 14 92 37 115 166
Utility: 4.182630

Airplane 4
FO: -77.727820
fast_of: -51.785727
Válida: t
160 48 46 126 67 124 61 139 145 41 55 119 69 133 147 20 98 50 128 26 104 3 81 167
Utility: 2540.155768

Airplane 5

Airplane 6
FO: -145.658164
fast_of: -137.263355
Válida: t
162 8 86 9 87 10 88 0 56 78 134 17 95 62 140 70 148 44 122 24 102 71 149 66 144 1 79 45 123 169
Utility: 1582.714984

