Airplane 0
FO: -96.232367
fast_of: -96.232367
Válida: t
156 52 67 130 145 61 65 139 41 143 75 153 55 119 133 71 149 66 144 68 146 4 82 20 98 76 154 163
Utility: 2642.359781

Airplane 1

Airplane 2

Airplane 3
FO: -0.000000
fast_of: -0.000000
Válida: t
159 8 86 11 89 9 87 56 0 134 78 22 100 17 95 7 85 31 42 109 120 14 92 6 84 1 79 166
Utility: 2092.398313

Airplane 4
FO: -172.048903
fast_of: -172.048903
Válida: t
160 73 151 69 147 77 37 155 115 50 128 26 104 167
Utility: 1133.377524

Airplane 5
FO: 0.000000
fast_of: 0.000000
Válida: t
161 16 48 94 126 58 136 53 131 33 111 27 105 24 102 74 5 152 83 32 110 168
Utility: 1757.153160

Airplane 6
FO: -141.571677
fast_of: -141.571677
Válida: t
162 46 124 23 101 60 138 62 140 34 112 25 103 51 129 40 118 19 3 97 81 45 123 169
Utility: 1895.746035

