Airplane 0
FO: -241.528671
fast_of: -217.215780
Válida: t
156 15 93 56 134 17 95 25 103 163
Utility: 605.189051

Airplane 1
FO: -3.336070
fast_of: -3.336070
Válida: t
157 46 67 124 13 91 145 41 59 119 137 44 122 70 148 18 96 51 129 19 3 81 97 1 79 164
Utility: 2461.277630

Airplane 2
FO: 0.000000
fast_of: 5.776404
Válida: t
158 23 101 0 65 143 78 22 34 112 100 69 7 85 147 40 118 42 120 20 98 76 154 165
Utility: 2444.821507

Airplane 3
FO: -197.093359
fast_of: -197.093359
Válida: t
159 9 87 60 138 54 132 6 84 166
Utility: 354.355700

Airplane 4
FO: -140.441096
fast_of: -140.441096
Válida: t
160 52 130 61 139 55 133 31 109 26 104 167
Utility: 665.684187

Airplane 5
FO: -1.104766
fast_of: -1.104766
Válida: t
161 16 48 94 126 58 136 53 131 33 111 27 105 24 102 74 5 152 83 32 110 168
Utility: 1757.153160

Airplane 6
FO: 0.000000
fast_of: 0.000000
Válida: t
162 8 86 11 89 10 88 35 113 62 140 71 149 66 77 144 68 146 155 169
Utility: 1477.338436

