Airplane 0
FO: -119.159757
fast_of: -57.494165
Válida: t
156 52 48 130 67 126 61 139 145 60 138 65 143 62 140 75 153 55 133 51 129 66 144 68 4 82 146 76 154 32 110 163
Utility: 2218.046047

Airplane 1
FO: -106.280491
fast_of: -49.053499
Válida: t
157 46 16 124 94 23 101 56 134 41 59 137 119 34 112 44 122 70 148 18 24 102 31 96 37 109 115 26 104 1 79 45 123 164
Utility: 3413.078382

Airplane 2
FO: -96.669602
fast_of: -54.878513
Válida: t
158 15 93 11 89 13 91 53 131 35 113 33 111 25 103 27 105 40 118 42 120 20 98 28 106 165
Utility: 1547.478996

Airplane 3
FO: -157.139523
fast_of: -157.139523
Válida: t
159 73 151 21 99 49 127 72 71 150 149 54 132 69 147 14 92 6 84 166
Utility: 607.075319

Airplane 4

Airplane 5

Airplane 6
FO: -148.168326
fast_of: -79.335442
Válida: t
162 8 86 9 87 58 136 10 88 0 78 22 100 17 95 7 85 77 155 19 3 97 81 45 123 169
Utility: 1853.018286

