Airplane 0
FO: -204.475697
fast_of: -204.475697
Válida: t
156 73 151 59 137 71 149 69 147 4 82 76 154 28 106 163
Utility: 818.751802

Airplane 1
FO: -195.676063
fast_of: -195.676063
Válida: t
157 70 148 18 77 96 47 125 63 155 141 164
Utility: 647.837002

Airplane 2
FO: -84.042336
fast_of: -66.762762
Válida: t
158 15 93 16 94 13 91 58 136 60 138 22 34 100 112 25 103 7 85 40 118 42 120 14 92 6 3 84 81 1 79 165
Utility: 1836.987967

Airplane 3
FO: -161.776330
fast_of: -161.776330
Válida: t
159 8 86 11 89 9 87 56 0 78 134 35 113 17 95 72 150 54 132 24 102 12 90 37 115 19 97 166
Utility: 1874.026100

Airplane 4

Airplane 5
FO: -60.829869
fast_of: -60.829869
Válida: t
161 64 46 142 48 126 124 23 101 61 139 53 131 62 140 33 111 27 105 31 74 152 5 83 109 20 98 32 110 168
Utility: 2635.718106

Airplane 6
FO: -175.800246
fast_of: -175.800246
Válida: t
162 52 67 130 145 65 10 88 41 143 75 153 55 119 133 51 129 66 144 68 146 45 123 169
Utility: 1621.419743

