Airplane 0
FO: 0.000000
fast_of: 0.000000
Válida: t
156 15 93 73 151 69 147 4 82 47 125 40 118 163
Utility: 394.260507

Airplane 1
FO: 0.000000
fast_of: 9.325227
Válida: t
157 46 67 124 13 91 145 41 59 119 137 44 122 70 148 18 96 51 129 19 3 81 97 1 79 164
Utility: 2461.277630

Airplane 2
FO: -38.712002
fast_of: -38.712002
Válida: t
158 23 101 0 78 22 100 34 112 76 154 165
Utility: 1193.398057

Airplane 3
FO: -180.675135
fast_of: -180.675135
Válida: t
159 9 87 60 138 54 132 6 84 166
Utility: 354.355700

Airplane 4
FO: -76.472943
fast_of: -76.472943
Válida: t
160 52 130 11 89 61 139 55 133 17 95 77 31 109 155 26 104 167
Utility: 1808.420762

Airplane 5
FO: -0.000000
fast_of: 5.165573
Válida: t
161 64 16 142 48 94 126 58 136 53 131 56 134 33 111 27 105 24 102 74 5 152 83 20 98 32 110 168
Utility: 2631.713509

Airplane 6
FO: -5.483817
fast_of: -5.483817
Válida: t
162 8 86 10 88 35 113 62 140 71 149 66 37 144 68 146 115 169
Utility: 681.064715

