Airplane 0
FO: -0.000000
fast_of: -0.000000
Válida: t
156 15 93 34 112 25 103 69 147 40 4 82 118 76 154 163
Utility: 1008.814205

Airplane 1
FO: 0.000000
fast_of: 79.735854
Válida: t
157 46 67 124 13 91 145 41 59 119 137 44 122 70 148 18 96 51 129 19 3 81 97 1 79 164
Utility: 2461.277630

Airplane 2

Airplane 3
FO: -117.557266
fast_of: -117.557266
Válida: t
159 23 101 0 78 22 100 6 84 166
Utility: 915.447796

Airplane 4
FO: -0.000000
fast_of: -0.000000
Válida: t
160 52 130 11 89 61 139 55 133 17 95 77 31 109 155 26 104 167
Utility: 1808.420762

Airplane 5
FO: 0.000000
fast_of: 47.196150
Válida: t
161 64 16 142 48 94 126 58 136 53 131 56 134 33 111 27 105 24 102 74 5 152 83 20 98 32 110 168
Utility: 2631.713509

Airplane 6
FO: 0.000000
fast_of: 45.956842
Válida: t
162 8 86 10 88 35 113 62 140 71 149 66 37 144 68 146 115 169
Utility: 681.064715

