Airplane 0
FO: -100.029343
fast_of: -100.029343
Válida: t
156 15 93 34 112 25 103 69 147 163
Utility: 512.842813

Airplane 1
FO: -0.000000
fast_of: -0.000000
Válida: t
157 46 67 124 13 91 145 59 137 70 148 18 96 51 129 19 3 81 97 1 79 164
Utility: 2034.467177

Airplane 2
FO: -36.655038
fast_of: -36.655038
Válida: t
158 23 101 65 143 41 22 100 119 40 118 42 120 165
Utility: 1300.964429

Airplane 3
FO: -197.624876
fast_of: -197.624876
Válida: t
159 9 87 60 138 54 132 77 155 6 84 166
Utility: 1038.255649

Airplane 4
FO: 0.000000
fast_of: 0.000000
Válida: t
160 52 130 11 89 61 139 55 133 17 95 7 31 109 85 26 104 167
Utility: 1199.647936

Airplane 5
FO: -0.000000
fast_of: 36.339993
Válida: t
161 64 16 142 48 94 126 58 136 53 131 56 134 33 111 27 105 24 102 74 5 152 83 20 98 32 110 168
Utility: 2631.713509

Airplane 6
FO: -63.927796
fast_of: -63.927796
Válida: t
162 8 86 10 88 35 113 62 140 71 149 66 37 144 68 146 115 76 154 169
Utility: 996.710139

