Airplane 0
FO: -129.065370
fast_of: -125.375009
Válida: t
156 15 93 61 65 139 143 55 133 54 132 77 31 155 4 82 109 6 84 76 154 163
Utility: 1967.766281

Airplane 1
FO: 0.000000
fast_of: 34.111893
Válida: t
157 46 67 124 13 91 145 41 59 119 137 44 122 70 148 18 96 51 129 19 3 81 97 1 79 164
Utility: 2461.277630

Airplane 2
FO: -42.066638
fast_of: -42.066638
Válida: t
158 8 86 11 89 9 87 0 78 22 100 62 140 17 95 69 7 85 147 40 118 42 120 165
Utility: 1366.439779

Airplane 3

Airplane 4

Airplane 5
FO: 0.000000
fast_of: 10.586469
Válida: t
161 64 16 142 48 94 126 58 136 53 131 56 134 33 111 27 105 24 102 74 5 152 83 20 98 32 110 168
Utility: 2631.713509

Airplane 6
FO: -93.600855
fast_of: -93.600855
Válida: t
162 10 88 35 113 34 112 25 103 71 149 66 37 144 68 146 115 45 123 169
Utility: 956.289195

