Airplane 0
FO: -80.875166
fast_of: -80.875166
Válida: t
156 15 93 22 34 112 100 163
Utility: 286.865344

Airplane 1
FO: 0.000000
fast_of: 0.000000
Válida: t
157 46 67 124 13 91 145 41 59 119 137 44 122 70 148 18 96 51 129 19 3 81 97 1 79 164
Utility: 2461.277630

Airplane 2

Airplane 3
FO: -0.000000
fast_of: -0.000000
Válida: t
159 23 101 60 138 75 153 25 103 54 132 69 7 147 85 6 84 76 154 166
Utility: 1580.611809

Airplane 4
FO: 0.000000
fast_of: 0.000000
Válida: t
160 52 130 11 89 61 139 55 133 17 95 77 31 109 155 26 104 167
Utility: 1808.420762

Airplane 5
FO: 0.000000
fast_of: 0.000000
Válida: t
161 64 16 142 48 94 126 58 136 53 131 56 134 33 111 27 105 24 102 74 5 152 83 20 98 32 110 168
Utility: 2631.713509

Airplane 6
FO: 0.000000
fast_of: 32.362905
Válida: t
162 8 86 10 88 35 113 62 140 71 149 66 37 144 68 146 115 169
Utility: 681.064715

