Airplane 0
FO: -22.330721
fast_of: -22.330721
Válida: t
156 15 93 73 151 9 87 25 103 54 132 77 155 40 118 6 84 76 154 163
Utility: 1859.689390

Airplane 1
FO: 0.000000
fast_of: 0.000000
Válida: t
157 46 67 124 13 91 145 41 59 119 137 44 122 70 148 18 96 51 129 19 3 81 97 1 79 164
Utility: 2461.277630

Airplane 2
FO: -86.554030
fast_of: -86.554030
Válida: t
158 23 101 60 138 65 143 22 34 112 100 69 147 7 85 42 120 165
Utility: 1318.182358

Airplane 3

Airplane 4
FO: 0.000000
fast_of: 0.000000
Válida: t
160 52 130 11 89 61 139 55 133 17 95 38 31 109 116 26 104 167
Utility: 1120.965055

Airplane 5
FO: -0.000000
fast_of: -0.000000
Válida: t
161 64 16 142 48 94 126 58 136 53 131 56 134 33 111 27 105 24 102 74 5 152 83 20 98 32 110 168
Utility: 2631.713509

Airplane 6
FO: -59.038644
fast_of: -52.801318
Válida: t
162 8 86 10 88 35 113 62 140 71 149 66 37 144 68 146 115 169
Utility: 681.064715

