Airplane 0
FO: -205.831516
fast_of: -197.354841
Válida: t
156 77 68 155 146 4 82 76 154 32 110 163
Utility: 1093.889984

Airplane 1
FO: -214.369871
fast_of: -214.369871
Válida: t
157 8 86 11 89 9 87 56 0 134 78 22 100 62 140 17 95 27 105 18 7 4 82 96 85 47 125 63 141 28 106 164
Utility: 1797.537612

Airplane 2
FO: -116.938819
fast_of: -116.938819
Válida: t
158 48 46 126 67 124 61 145 65 139 41 143 119 34 112 75 153 55 133 51 129 40 118 42 120 45 123 165
Utility: 2465.480980

Airplane 3
FO: -205.617056
fast_of: -204.114398
Válida: t
159 52 130 73 151 13 91 59 137 21 99 49 127 72 150 54 132 69 147 14 92 6 84 1 79 166
Utility: 1170.202109

Airplane 4
FO: -8.817327
fast_of: -8.817327
Válida: t
160 16 94 15 93 23 101 58 136 60 138 53 131 35 113 33 111 25 103 31 109 20 98 50 128 26 104 3 81 167
Utility: 2083.567941

Airplane 5

Airplane 6
FO: -309.203310
fast_of: -309.203310
Válida: t
162 10 88 70 148 44 122 24 102 71 149 66 144 19 97 169
Utility: 675.597005

