Airplane 0
FO: -58.191346
fast_of: -58.191346
Válida: t
156 15 93 23 101 0 65 143 41 78 22 119 100 25 103 40 4 82 118 20 98 32 110 163
Utility: 2336.776726

Airplane 1
FO: -40.502067
fast_of: -40.502067
Válida: t
157 46 67 124 13 91 145 59 137 70 148 18 96 51 129 19 3 81 97 1 79 164
Utility: 2034.467177

Airplane 2

Airplane 3
FO: -196.044938
fast_of: -196.044938
Válida: t
159 9 87 34 112 54 132 6 84 166
Utility: 567.115674

Airplane 4
FO: -42.240303
fast_of: -40.668654
Válida: t
160 16 94 11 89 61 139 75 153 55 133 17 95 38 31 109 116 50 128 26 104 167
Utility: 1360.288815

Airplane 5
FO: -5.680220
fast_of: -5.680220
Válida: t
161 48 52 126 130 58 136 53 131 33 111 27 105 24 102 74 5 152 83 37 115 168
Utility: 1522.916575

Airplane 6
FO: 0.000000
fast_of: 0.000000
Válida: t
162 8 86 10 88 35 113 62 140 71 149 66 77 144 68 146 155 47 125 76 154 45 123 169
Utility: 1609.385416

