Airplane 0
FO: -308.199312
fast_of: -296.124507
Válida: t
156 77 155 4 82 76 154 32 110 163
Utility: 916.574478

Airplane 1
FO: -162.643029
fast_of: -162.643029
Válida: t
157 69 147 68 4 82 146 47 125 63 141 6 84 164
Utility: 398.200697

Airplane 2
FO: -36.234678
fast_of: -36.234678
Válida: t
158 52 130 73 151 61 65 139 41 143 75 153 55 119 133 51 129 40 118 31 42 109 120 45 123 165
Utility: 1609.025473

Airplane 3
FO: -242.447886
fast_of: -242.447886
Válida: t
159 49 127 72 150 54 132 14 92 37 115 166
Utility: 4.182630

Airplane 4
FO: -29.284922
fast_of: -18.313995
Válida: t
160 8 86 11 89 9 87 56 0 134 78 22 100 62 140 17 95 18 7 96 85 20 98 50 128 26 104 3 81 167
Utility: 2218.019223

Airplane 5
FO: -309.695623
fast_of: -309.695623
Válida: t
161 46 124 23 101 58 136 59 137 35 113 33 111 27 105 74 152 5 83 12 90 19 97 28 106 168
Utility: 2011.705051

Airplane 6
FO: -154.420505
fast_of: -154.420505
Válida: t
162 16 48 94 15 93 126 67 13 91 145 10 88 60 138 53 131 34 112 25 103 70 148 44 122 24 102 71 149 66 144 1 79 45 123 169
Utility: 2100.681628

