Airplane 0
FO: -62.461451
fast_of: -62.461451
Válida: t
156 15 93 73 151 60 138 59 137 25 103 31 77 109 155 4 82 47 125 6 84 163
Utility: 1655.722032

Airplane 1
FO: -48.549990
fast_of: -48.549990
Válida: t
157 46 67 124 61 145 139 41 119 34 112 75 153 70 148 18 96 51 129 19 3 81 97 1 79 164
Utility: 2714.055524

Airplane 2
FO: -0.000000
fast_of: 5.283502
Válida: t
158 23 101 9 87 56 65 134 143 22 100 17 95 54 132 69 7 85 147 40 118 42 120 20 98 26 104 76 154 165
Utility: 3065.663136

Airplane 3

Airplane 4

Airplane 5
FO: 0.000000
fast_of: 11.323273
Válida: t
161 16 48 94 126 58 136 53 131 33 111 27 105 24 102 74 5 152 83 32 110 168
Utility: 1757.153160

Airplane 6
FO: -15.176311
fast_of: -15.176311
Válida: t
162 8 86 10 88 35 113 62 140 71 149 66 37 144 68 146 115 169
Utility: 681.064715

