Airplane 0
FO: 0.000000
fast_of: 0.000000
Válida: t
156 15 93 73 151 75 153 25 103 69 147 66 144 68 146 4 82 47 125 26 104 76 154 163
Utility: 1347.088774

Airplane 1
FO: -65.076584
fast_of: -65.076584
Válida: t
157 46 67 124 13 91 145 41 59 119 137 44 122 70 148 18 96 51 129 19 3 81 97 1 79 164
Utility: 2461.277630

Airplane 2
FO: -103.639610
fast_of: -103.639610
Válida: t
158 23 101 0 65 143 78 22 100 165
Utility: 853.409962

Airplane 3
FO: -160.377088
fast_of: -160.377088
Válida: t
159 9 87 60 138 54 132 6 84 166
Utility: 354.355700

Airplane 4
FO: -80.537505
fast_of: -80.537505
Válida: t
160 52 130 11 89 61 139 34 112 17 95 71 77 149 155 167
Utility: 1678.309765

Airplane 5
FO: 0.000000
fast_of: 28.615362
Válida: t
161 64 16 142 48 94 126 58 136 53 131 56 134 33 111 27 105 24 102 74 5 152 83 20 98 32 110 168
Utility: 2631.713509

Airplane 6

