Airplane 0
FO: -36.528973
fast_of: -36.528973
Válida: t
156 52 130 46 124 23 101 58 136 59 137 35 113 33 111 51 129 31 109 20 98 76 154 32 110 163
Utility: 2560.267626

Airplane 1
FO: -150.887648
fast_of: -121.760486
Válida: t
157 8 86 11 89 9 87 56 0 134 78 22 100 62 140 17 95 27 105 18 7 4 82 96 85 47 125 63 141 1 79 164
Utility: 2151.778969

Airplane 2
FO: 0.000000
fast_of: 0.013763
Válida: t
158 73 151 61 65 139 41 143 75 153 55 119 133 69 147 40 118 42 120 37 115 45 123 165
Utility: 1546.020542

Airplane 3
FO: -110.516670
fast_of: -110.516670
Válida: t
159 49 127 72 150 54 132 77 68 155 146 14 92 6 84 166
Utility: 1007.382497

Airplane 4
FO: -161.944142
fast_of: -161.944142
Válida: t
160 50 128 26 104 3 81 167
Utility: 61.797907

Airplane 5

Airplane 6
FO: -143.950330
fast_of: -143.950330
Válida: t
162 16 48 94 15 93 126 67 13 91 145 10 88 60 138 53 131 34 112 25 103 70 148 44 122 24 102 71 149 66 144 19 97 169
Utility: 2152.655877

