Airplane 0
FO: -29.422839
fast_of: -25.167893
Válida: t
156 8 86 11 89 9 87 56 0 134 78 22 100 17 95 27 105 24 102 31 7 4 82 85 109 19 97 76 154 163
Utility: 2811.712744

Airplane 1
FO: -84.064945
fast_of: -84.064945
Válida: t
157 46 124 23 101 58 136 60 138 59 41 137 119 34 112 44 122 70 148 18 71 96 149 37 115 47 125 63 141 164
Utility: 2193.587225

Airplane 2

Airplane 3
FO: -171.349059
fast_of: -171.349059
Válida: t
159 49 127 72 150 54 132 77 155 14 92 6 84 1 79 166
Utility: 1129.579589

Airplane 4
FO: -145.676721
fast_of: -145.151408
Válida: t
160 52 130 73 151 61 139 65 143 75 153 55 133 69 147 68 146 50 128 26 104 3 81 167
Utility: 1392.301385

Airplane 5
FO: -174.524675
fast_of: -174.524675
Válida: t
161 74 152 5 83 32 110 168
Utility: 78.812345

Airplane 6
FO: -217.168672
fast_of: -217.168672
Válida: t
162 16 48 94 15 93 126 67 13 91 145 10 88 53 131 35 113 33 111 25 103 51 129 66 144 20 98 45 123 169
Utility: 1944.051848

