Airplane 0
FO: -103.192249
fast_of: -103.192249
Válida: t
156 8 86 11 89 9 87 56 0 134 78 22 100 75 153 17 95 27 105 24 102 7 4 82 85 19 97 76 154 28 106 163
Utility: 2695.188445

Airplane 1

Airplane 2
FO: -151.839177
fast_of: -150.287784
Válida: t
158 48 46 126 67 124 61 145 65 139 41 143 119 34 112 55 133 71 69 149 147 40 118 42 120 3 81 1 79 165
Utility: 2958.120350

Airplane 3
FO: -107.849531
fast_of: -107.849531
Válida: t
159 52 130 73 151 13 91 10 88 59 137 21 99 49 127 72 150 54 132 77 66 144 68 155 146 14 92 6 84 166
Utility: 1770.441201

Airplane 4
FO: -105.955778
fast_of: -105.955778
Válida: t
160 16 94 15 93 23 101 58 136 60 138 53 131 35 113 33 111 25 103 51 129 31 109 20 50 128 98 26 104 167
Utility: 2185.442313

Airplane 5
FO: -215.508534
fast_of: -215.508534
Válida: t
161 74 152 5 83 37 115 32 110 168
Utility: 194.041063

Airplane 6

