Airplane 0

Airplane 1
FO: -220.655835
fast_of: -220.655835
Válida: t
157 51 129 68 4 82 146 47 125 63 141 1 79 164
Utility: 355.989014

Airplane 2
FO: -118.169051
fast_of: -75.012290
Válida: t
158 16 94 15 93 23 101 58 136 53 131 35 113 33 111 25 103 27 77 105 155 40 118 42 120 37 115 76 154 45 123 165
Utility: 2891.927414

Airplane 3
FO: -210.298880
fast_of: -205.526354
Válida: t
159 49 127 72 150 54 132 69 147 12 90 14 92 6 84 166
Utility: 346.564639

Airplane 4
FO: -136.589330
fast_of: -79.881469
Válida: t
160 8 86 11 89 9 87 56 0 134 78 22 100 62 140 17 95 18 7 96 85 20 98 50 128 26 104 3 81 167
Utility: 2218.019223

Airplane 5
FO: -209.224824
fast_of: -180.128289
Válida: t
161 64 46 142 48 126 67 124 61 139 145 60 138 65 41 143 119 34 112 55 133 31 74 152 5 83 12 109 90 28 106 168
Utility: 2240.578062

Airplane 6
FO: -131.637265
fast_of: -131.637265
Válida: t
162 52 130 73 151 13 91 10 88 59 137 75 153 70 148 44 122 24 102 71 149 66 144 19 97 169
Utility: 1303.670934

