Airplane 0

Airplane 1
FO: -227.741404
fast_of: -227.741404
Válida: t
157 77 68 155 146 76 154 164
Utility: 934.099572

Airplane 2
FO: -112.243937
fast_of: -112.243937
Válida: t
158 55 133 69 147 40 118 42 120 45 123 165
Utility: 332.129464

Airplane 3
FO: -30.181426
fast_of: 13.823181
Válida: t
159 8 86 11 89 9 87 56 0 134 78 22 100 17 95 72 150 54 132 18 7 96 85 14 92 6 84 1 79 166
Utility: 2135.816392

Airplane 4
FO: -130.949662
fast_of: -87.131254
Válida: t
160 16 94 15 93 23 101 58 136 60 138 35 113 53 131 34 112 25 103 27 105 31 109 20 98 50 128 26 104 3 81 167
Utility: 2551.546064

Airplane 5
FO: -89.026204
fast_of: -89.026204
Válida: t
161 52 67 130 145 65 143 75 153 62 140 33 111 51 129 74 152 5 83 12 90 37 115 168
Utility: 1171.700920

Airplane 6
FO: -46.099672
fast_of: -32.784310
Válida: t
162 48 46 126 124 73 151 13 91 61 139 10 88 59 41 137 119 70 148 44 122 24 102 71 149 66 144 19 97 169
Utility: 2378.283182

