Airplane 0
FO: -54.932878
fast_of: -54.932878
Válida: t
156 15 93 65 41 143 119 25 103 69 147 4 82 6 84 76 154 163
Utility: 1464.612893

Airplane 1
FO: -65.771923
fast_of: -65.771923
Válida: t
157 46 67 124 13 91 145 59 137 70 148 18 96 51 129 19 3 81 97 1 79 164
Utility: 2034.467177

Airplane 2
FO: -86.748213
fast_of: -86.748213
Válida: t
158 23 101 60 138 7 85 40 118 42 120 165
Utility: 609.461318

Airplane 3
FO: -225.916775
fast_of: -225.916775
Válida: t
159 73 151 9 87 22 100 54 132 166
Utility: 332.421420

Airplane 4
FO: -36.360169
fast_of: -36.360169
Válida: t
160 52 130 11 89 61 139 55 133 17 95 77 31 109 155 26 104 167
Utility: 1808.420762

Airplane 5
FO: -0.000000
fast_of: 12.600629
Válida: t
161 64 16 142 48 94 126 58 136 53 131 56 134 33 111 27 105 24 102 74 5 152 83 20 98 32 110 168
Utility: 2631.713509

Airplane 6
FO: -0.000000
fast_of: -0.000000
Válida: t
162 8 86 10 88 35 113 62 140 71 149 66 37 144 68 146 115 169
Utility: 681.064715

