Airplane 0
FO: -72.334861
fast_of: -67.684917
Válida: t
156 8 86 11 89 9 87 56 0 134 78 22 100 17 95 27 105 24 102 7 4 82 85 20 98 76 154 32 110 163
Utility: 2907.981868

Airplane 1
FO: 0.000000
fast_of: 0.000000
Válida: t
157 46 124 23 101 58 136 60 138 59 41 137 119 34 112 44 122 70 148 18 71 96 12 90 149 68 146 19 3 81 97 164
Utility: 2673.356090

Airplane 2

Airplane 3
FO: -238.629320
fast_of: -238.629320
Válida: t
159 49 127 72 150 54 132 77 66 144 155 14 92 6 84 166
Utility: 1029.529278

Airplane 4

Airplane 5
FO: -146.887573
fast_of: -146.887573
Válida: t
161 52 130 73 151 61 65 143 139 62 140 75 153 55 69 133 147 74 152 5 83 47 125 63 141 1 79 168
Utility: 1268.625831

Airplane 6
FO: -39.871681
fast_of: -20.561338
Válida: t
162 16 48 94 15 93 126 67 13 91 145 10 88 53 131 35 113 33 111 25 103 51 129 31 37 109 115 45 123 169
Utility: 1634.239882

