Airplane 0
FO: -186.837585
fast_of: -180.217011
Válida: t
156 15 93 16 94 13 91 58 136 53 131 35 113 33 111 25 103 51 129 31 109 19 4 82 97 76 154 32 110 163
Utility: 1825.650493

Airplane 1
FO: -123.236663
fast_of: -118.410158
Válida: t
157 8 86 11 89 9 87 56 0 134 78 22 100 62 140 17 95 27 105 18 7 4 82 96 85 47 125 63 141 6 84 164
Utility: 2151.776264

Airplane 2

Airplane 3
FO: -255.499523
fast_of: -251.576686
Válida: t
159 49 127 72 150 54 132 77 155 14 92 37 115 166
Utility: 678.342476

Airplane 4
FO: -71.618319
fast_of: -71.618319
Válida: t
160 52 130 67 61 139 145 59 137 55 133 69 147 20 98 50 128 26 104 3 81 167
Utility: 1976.272095

Airplane 5

Airplane 6
FO: -92.493349
fast_of: -92.493349
Válida: t
162 48 46 126 124 23 101 60 138 65 10 88 41 143 119 34 112 75 153 70 148 44 122 24 102 71 149 66 144 1 79 45 123 169
Utility: 2693.956609

