Airplane 0

Airplane 1

Airplane 2
FO: -65.633394
fast_of: -65.633394
Válida: t
158 16 94 15 93 23 101 58 136 53 131 35 113 33 111 25 103 27 105 24 102 40 118 42 120 6 84 1 79 165
Utility: 2570.537239

Airplane 3
FO: -87.555455
fast_of: -87.555455
Válida: t
159 8 86 11 89 9 87 56 0 134 78 22 100 17 95 72 150 54 132 31 7 85 12 109 90 14 92 37 115 166
Utility: 1692.713197

Airplane 4
FO: -31.646089
fast_of: -31.646089
Válida: t
160 52 130 73 151 62 140 59 137 75 153 77 66 144 68 155 146 20 50 128 98 26 104 167
Utility: 2176.522383

Airplane 5
FO: -66.012724
fast_of: -62.868894
Válida: t
161 64 46 142 48 126 67 124 61 145 139 60 138 65 41 143 119 34 112 55 133 71 149 51 129 74 152 5 83 47 125 19 3 81 97 32 110 168
Utility: 3221.492742

Airplane 6
FO: -164.010165
fast_of: -164.010165
Válida: t
162 10 88 69 147 76 154 45 123 169
Utility: 308.982986

