Airplane 0
FO: 0.000000
fast_of: 0.000000
Válida: t
156 8 86 11 89 56 0 78 75 134 153 17 95 25 103 69 7 147 4 82 85 6 84 76 154 163
Utility: 2088.734129

Airplane 1
FO: -43.181914
fast_of: -31.634093
Válida: t
157 46 67 124 61 139 145 41 59 119 137 44 122 70 148 18 96 51 129 19 3 81 97 1 79 164
Utility: 2680.199973

Airplane 2
FO: 0.000000
fast_of: 0.000000
Válida: t
158 23 101 65 143 77 155 40 118 42 120 20 98 165
Utility: 1824.479551

Airplane 3
FO: -128.791426
fast_of: -128.791426
Válida: t
159 9 87 34 112 26 104 166
Utility: 355.469038

Airplane 4

Airplane 5
FO: -112.212604
fast_of: -68.162697
Válida: t
161 16 48 94 126 58 136 53 131 33 111 27 105 24 102 74 5 152 83 32 110 168
Utility: 1757.153160

Airplane 6
FO: 0.000000
fast_of: 0.000000
Válida: t
162 35 113 62 140 71 149 54 132 66 37 144 68 146 115 45 123 169
Utility: 679.861607

