Airplane 0
FO: -223.239924
fast_of: -223.239924
Válida: t
156 73 151 55 133 6 84 163
Utility: 317.332636

Airplane 1
FO: 0.000000
fast_of: 0.000000
Válida: t
157 46 67 124 61 139 145 41 59 119 137 44 122 70 148 18 96 51 129 19 3 81 97 1 79 164
Utility: 2680.199973

Airplane 2
FO: -25.976738
fast_of: -25.976738
Válida: t
158 23 101 0 65 143 78 22 100 25 103 40 118 76 154 165
Utility: 1520.140870

Airplane 3

Airplane 4
FO: -87.738627
fast_of: -87.738627
Válida: t
160 52 130 9 87 34 112 17 95 77 31 109 155 167
Utility: 1338.691916

Airplane 5
FO: 0.000000
fast_of: 0.000000
Válida: t
161 64 16 142 48 94 126 58 136 53 131 56 134 33 111 27 105 24 102 74 5 152 83 20 98 32 110 168
Utility: 2631.713509

Airplane 6
FO: 0.000000
fast_of: 0.000000
Válida: t
162 8 86 11 89 60 138 35 113 71 149 66 42 120 37 144 68 146 115 26 104 169
Utility: 1177.140950

