Airplane 0
FO: -21.332640
fast_of: -21.332640
Válida: t
94 15 62 23 70 13 60 101
Utility: 169.098275

Airplane 1
FO: -220.398250
fast_of: -220.398250
Válida: t
95 16 63 11 58 9 56 10 57 46 93 2 49 22 69 21 68 27 74 20 67 102
Utility: 1435.934211

Airplane 2
FO: -64.342645
fast_of: -64.342645
Válida: t
96 5 52 12 59 37 84 32 79 28 75 103
Utility: 448.381504

Airplane 3
FO: -170.756848
fast_of: -170.756848
Válida: t
97 35 82 17 64 25 72 38 85 31 78 6 53 104
Utility: 542.120474

Airplane 4
FO: -128.547638
fast_of: -123.957206
Válida: t
98 4 51 40 87 42 89 26 73 36 83 105
Utility: 331.735141

Airplane 5
FO: -211.394059
fast_of: -205.760886
Válida: t
99 8 55 45 92 41 88 44 91 24 71 18 65 14 61 3 50 1 48 106
Utility: 2000.450206

Airplane 6
FO: -290.901947
fast_of: -290.901947
Válida: t
100 29 76 39 86 0 47 34 81 33 80 7 54 19 66 107
Utility: 1470.944224

