Airplane 0
FO: 5.635062
fast_of: 70.040895
Válida: t
94 15 62 8 23 55 45 70 92 0 41 47 88 25 72 17 64 18 7 65 54 19 26 66 1 73 48 101
Utility: 3942.602487

Airplane 1
FO: -193.626181
fast_of: -191.953952
Válida: t
95 16 63 11 58 9 56 10 57 46 93 2 49 22 69 21 68 102
Utility: 933.959069

Airplane 2
FO: -43.259509
fast_of: -43.259509
Válida: t
96 5 52 12 59 37 84 32 79 28 75 103
Utility: 448.381504

Airplane 3
FO: -90.944663
fast_of: -90.944663
Válida: t
97 35 82 33 80 27 74 24 71 31 42 89 78 104
Utility: 830.193429

Airplane 4
FO: -82.534818
fast_of: -76.957943
Válida: t
98 4 51 40 87 14 61 3 50 36 83 105
Utility: 182.952287

Airplane 5
FO: -231.380177
fast_of: -231.380177
Válida: t
99 20 67 106
Utility: 360.881849

Airplane 6

