Airplane 0
FO: -140.565690
fast_of: -66.470874
Válida: t
94 8 15 62 55 13 60 45 92 0 47 22 41 88 25 69 72 38 85 7 54 31 78 19 26 66 1 73 48 101
Utility: 3868.771846

Airplane 1
FO: -59.919217
fast_of: -55.190975
Válida: t
95 16 63 23 70 10 57 46 93 33 80 21 68 44 91 102
Utility: 1058.719175

Airplane 2
FO: -61.779141
fast_of: -61.779141
Válida: t
96 5 52 40 87 37 84 28 75 103
Utility: 319.952563

Airplane 3
FO: -66.210216
fast_of: -66.210216
Válida: t
97 35 82 17 64 18 24 71 65 12 59 20 3 67 32 50 79 104
Utility: 1281.479810

Airplane 4

Airplane 5

Airplane 6
FO: -33.669944
fast_of: -33.669944
Válida: t
100 11 58 9 56 107
Utility: 325.796680

