Airplane 0
156 15 93 16 94 13 91 58 136 53 131 35 113 33 111 25 103 51 129 31 109 4 82 76 154 28 106 163
Tiempos:
(0.000000, 34.530759) (36.000000, 36.000000) (45.624091, 45.624091) (78.341919, 78.341919) (113.184473, 113.184473) (125.623026, 125.623026) (137.644738, 137.644738) (185.533783, 185.533783) (213.413978, 213.413978) (228.273800, 228.273800) (239.118131, 239.118131) (262.507771, 262.507771) (269.455915, 269.455915) (283.175663, 283.175663) (324.123261, 324.123261) (358.198337, 358.198337) (375.777565, 381.783244) (392.000000, 392.000000) (418.589069, 418.589069) (457.379207, 457.379207) (485.236563, 485.236563) (510.178798, 510.178798) (511.300487, 567.133837) (572.000000, 572.000000) (589.653228, 589.653228) (602.891909, 602.891909) (636.671688, 636.671688) (653.522406, 653.522406) 
Utility: 1230.004382

Airplane 1
157 73 151 70 148 18 69 96 147 47 125 63 141 164
Tiempos:
(0.000000, 40.374594) (72.000000, 72.000000) (102.836836, 324.364624) (335.000000, 335.000000) (336.119354, 397.692604) (402.000000, 402.000000) (416.138629, 416.138629) (431.604666, 431.604666) (453.353739, 472.580345) (481.000000, 481.000000) (489.131298, 495.725428) (513.000000, 513.000000) (533.639481, 533.639481) (548.454535, 548.454535) 
Utility: 253.200834

Airplane 2
158 40 118 42 120 14 92 6 84 1 79 165
Tiempos:
(0.000000, 437.429626) (446.000000, 446.000000) (466.041120, 466.041120) (476.407266, 476.407266) (493.669587, 500.746992) (511.000000, 511.000000) (527.421167, 527.421167) (538.325906, 538.325906) (566.867218, 566.867218) (576.997386, 576.997386) (617.732348, 617.732348) (624.564764, 624.564764) 
Utility: 541.577267

Airplane 3
159 52 67 130 61 145 139 59 137 49 127 72 150 54 132 24 102 12 90 37 115 19 97 166
Tiempos:
(0.000000, 0.000000) (15.271915, 62.207253) (90.000000, 90.000000) (96.255080, 98.928831) (146.000000, 146.000000) (178.931867, 178.931867) (180.529048, 214.250713) (237.000000, 237.000000) (277.279481, 277.279481) (304.397603, 304.397603) (316.363686, 347.094092) (352.000000, 352.000000) (370.311023, 370.311023) (380.222578, 380.222578) (395.252995, 397.998561) (410.000000, 410.000000) (427.184982, 427.184982) (443.186043, 443.186043) (460.069194, 466.504941) (480.000000, 480.000000) (512.868887, 512.868887) (547.495222, 547.495222) (589.672365, 589.672365) (628.693800, 628.693800) 
Utility: 1645.146674

Airplane 4
160 48 46 126 124 23 101 60 138 65 41 143 119 34 112 75 153 55 133 71 149 77 66 144 68 155 146 50 128 26 104 3 81 167
Tiempos:
(0.000000, 25.279187) (31.000000, 31.000000) (42.643360, 42.643360) (67.649555, 67.649555) (86.927410, 86.927410) (105.897302, 105.897302) (144.410253, 162.158432) (171.000000, 171.000000) (181.262182, 189.159791) (203.000000, 217.058733) (239.000000, 239.000000) (250.129180, 250.129180) (287.628734, 287.628734) (291.685184, 291.685184) (311.598067, 311.598067) (332.488041, 332.488041) (340.276046, 340.276046) (348.853398, 348.853398) (378.770322, 378.770322) (392.196660, 392.196660) (415.597159, 415.597159) (439.897818, 439.897818) (448.372717, 448.372717) (480.247507, 480.247507) (485.385055, 485.385055) (502.763723, 502.763723) (508.243252, 521.482020) (539.000000, 539.000000) (546.488398, 546.488398) (554.098691, 554.098691) (571.129553, 571.129553) (587.216754, 587.216754) (607.642503, 607.642503) (617.802070, 617.802070) 
Utility: 3541.024406

Airplane 5
161 8 86 11 89 9 87 56 0 134 78 22 100 62 140 17 95 27 105 7 85 74 152 5 83 20 98 32 110 168
Tiempos:
(0.000000, 0.000000) (45.815805, 45.815805) (75.343042, 75.343042) (86.130079, 86.130079) (129.478003, 129.478003) (138.195774, 138.195774) (167.715285, 178.151959) (202.000000, 202.000000) (218.064901, 218.064901) (236.493341, 236.493341) (256.455405, 262.169477) (267.000000, 267.000000) (306.733843, 306.733843) (329.188060, 329.188060) (331.305922, 331.305922) (352.131239, 352.131239) (375.949476, 375.949476) (385.082978, 385.082978) (421.109597, 421.109597) (455.702427, 455.702427) (476.470824, 476.470824) (485.928214, 485.928214) (493.525634, 493.525634) (495.225675, 495.225675) (498.917965, 498.917965) (535.599214, 535.599214) (576.338004, 576.338004) (586.493549, 586.493549) (609.797060, 609.797060) (615.804357, 615.804357) 
Utility: 2459.299390

Airplane 6

