Airplane 0
FO: -189.583697
fast_of: -151.208262
Válida: t
94 33 25 72 80 38 85 7 54 31 78 6 53 101
Utility: 918.983687

Airplane 1

Airplane 2
FO: -67.308517
fast_of: -67.308517
Válida: t
96 5 52 12 59 37 84 28 75 103
Utility: 328.545359

Airplane 3
FO: -170.990793
fast_of: -164.073509
Válida: t
97 16 63 11 58 9 56 0 47 2 49 35 82 17 64 27 74 18 65 20 67 104
Utility: 2025.447246

Airplane 4
FO: -58.626269
fast_of: -54.083198
Válida: t
98 1 26 48 3 73 50 36 83 105
Utility: 868.005306

Airplane 5
FO: -191.487459
fast_of: -191.487459
Válida: t
99 8 55 13 60 45 92 41 88 21 68 44 91 24 71 42 89 14 61 19 66 106
Utility: 1869.026335

Airplane 6
FO: -136.657974
fast_of: -136.657974
Válida: t
100 15 62 23 70 10 57 2 49 22 69 107
Utility: 267.967416

