Airplane 0

Airplane 1

Airplane 2
FO: -142.165033
fast_of: -142.165033
V치lida: t
96 33 80 38 18 65 85 40 87 28 75 103
Utility: 871.237056

Airplane 3
FO: -47.765418
fast_of: -42.974151
V치lida: t
97 16 63 23 70 45 0 92 47 22 69 17 64 27 74 24 71 20 37 67 84 104
Utility: 2308.805277

Airplane 4
FO: -57.868196
fast_of: -53.252558
V치lida: t
98 26 73 36 83 32 79 105
Utility: 249.285066

Airplane 5
FO: 32.006140
fast_of: 79.219506
V치lida: t
99 8 55 11 15 62 58 13 60 46 41 93 88 25 72 21 68 44 91 31 42 78 89 19 66 1 48 106
Utility: 3294.536026

Airplane 6

