Airplane 0

Airplane 1
FO: -34.938555
fast_of: -34.938555
Válida: t
95 16 63 11 58 9 56 10 57 46 93 2 49 22 69 21 68 102
Utility: 933.959069

Airplane 2
FO: -20.982318
fast_of: -20.982318
Válida: t
96 5 52 12 59 37 84 32 79 28 75 103
Utility: 448.381504

Airplane 3
FO: -197.625035
fast_of: -197.625035
Válida: t
97 35 82 17 64 27 74 31 78 6 53 104
Utility: 303.495936

Airplane 4
FO: -104.477431
fast_of: -43.762191
Válida: t
98 8 23 55 70 45 0 92 47 41 33 88 80 38 85 7 54 4 51 40 87 42 20 89 3 67 26 50 73 36 83 105
Utility: 3655.591156

Airplane 5
FO: -197.521924
fast_of: -193.112980
Válida: t
99 44 91 24 71 18 65 19 66 1 48 106
Utility: 1244.648253

Airplane 6

