Airplane 0

Airplane 1
FO: 12.414506
fast_of: 43.745042
V치lida: t
95 11 58 9 56 0 10 57 47 22 17 64 69 21 68 44 91 24 42 71 89 19 37 84 32 66 1 48 79 102
Utility: 2975.041978

Airplane 2

Airplane 3
FO: -204.271766
fast_of: -204.271766
V치lida: t
97 45 92 41 88 27 74 18 31 65 20 78 67 104
Utility: 1780.630571

Airplane 4
FO: 17.824720
fast_of: 21.453234
V치lida: t
98 16 63 8 55 13 60 46 93 35 82 33 80 38 85 4 51 40 87 28 26 75 73 36 83 105
Utility: 1690.844740

Airplane 5

Airplane 6
FO: -119.100741
fast_of: -119.100741
V치lida: t
100 23 70 29 76 107
Utility: 70.879535

