SOLUCION:
Airplane 0
FO: 0.000000
Válida: t
156 8 86 39 117 73 151 60 138 0 41 78 34 119 112 25 103 69 147 42 120 66 144 68 146 3 26 81 104 76 154 163

Utility: 2306.680674

Airplane 1
FO: -41.980053
Válida: t
157 59 137 55 133 51 129 7 85 12 90 6 84 36 114 164

Utility: 791.673317

Airplane 2

Airplane 3
FO: -496.315664
Válida: t
159 11 89 61 139 56 134 22 25 100 103 27 54 132 71 105 77 149 20 37 155 115 98 1 79 166

Utility: 1418.605999

Airplane 4
FO: -67.487845
Válida: t
160 64 142 46 48 126 124 9 87 53 131 167

Utility: 512.397511

Airplane 5
FO: -56.466331
Válida: t
161 64 16 142 94 23 101 10 88 56 134 33 111 27 18 105 24 102 96 40 118 19 97 168

Utility: 1558.971854

Airplane 6
FO: -294.687640
Válida: t
162 67 145 65 143 75 153 17 95 169

Utility: 575.774131

