SOLUCION:
Airplane 0
FO: -222.854699
Válida: t
156 54 132 71 149 37 115 32 26 110 104 76 154 163

Utility: 853.227349

Airplane 1
FO: -181.125958
Válida: t
157 65 143 59 137 25 103 27 24 102 77 105 66 144 68 155 146 164

Utility: 2219.768991

Airplane 2

Airplane 3

Airplane 4
FO: -161.365928
Válida: t
160 52 48 130 126 9 87 10 88 60 138 53 131 56 134 75 153 55 133 17 95 69 18 96 147 40 118 20 98 6 3 84 81 167

Utility: 2080.379591

Airplane 5
FO: -140.208539
Válida: t
161 67 145 0 78 33 111 51 129 74 5 152 83 168

Utility: 800.872918

Airplane 6
FO: -119.538424
Válida: f
162 46 16 124 94 23 101 61 139 41 22 119 34 25 112 100 103 44 70 148 122 31 18 71 149 109 96 42 19 120 3 81 97 1 79 45 123 169

Utility: 3014.396748

