////////Airplane 0////////
Route 0
FO: 0.814523
fast_of: 7.657471
Válida: t
156 15 93 39 117 73 151 0 41 78 34 119 112 25 103 69 147 47 125 163
Route 1
FO: -55.463840
fast_of: -48.620892
Válida: t
156 15 93 39 117 73 151 0 56 134 41 78 34 119 112 25 103 69 147 77 155 47 125 163
Route 2
FO: -55.463840
fast_of: -48.620892
Válida: t
156 15 93 39 117 73 151 0 56 134 41 78 34 119 112 25 103 69 147 77 155 47 125 163
Route 3
FO: -249.230194
fast_of: -249.230194
Válida: t
156 163
Route 4
FO: -230.989110
fast_of: -230.989110
Válida: t
156 67 61 145 139 41 75 153 55 119 133 51 129 66 144 68 4 82 146 76 154 28 106 163
Route 5
FO: -204.794224
fast_of: -204.794224
Válida: t
156 15 93 46 67 124 61 145 139 56 134 41 75 153 55 119 133 51 129 66 144 68 4 82 146 76 154 28 106 163
Route 6
FO: -194.357979
fast_of: -194.357979
Válida: t
156 15 93 46 67 124 61 145 139 56 134 41 75 153 55 119 133 27 105 66 144 68 4 82 146 76 154 28 106 163
Route 7
FO: -32.490620
fast_of: -32.490620
Válida: t
156 15 93 46 67 124 61 139 145 59 137 75 153 55 133 66 144 19 4 82 97 76 154 163
Route 8
FO: -124.694483
fast_of: -124.694483
Válida: t
156 15 93 46 124 59 137 75 153 51 129 66 144 68 4 82 146 76 154 163
Route 9
FO: -246.594606
fast_of: -246.594606
Válida: t
156 55 133 51 129 20 98 76 154 163
Route 10
FO: -56.369962
fast_of: -56.369962
Válida: t
156 15 93 48 67 126 61 139 145 75 153 22 100 66 144 4 82 76 154 163
Route 11
FO: -120.837494
fast_of: -120.837494
Válida: t
156 15 93 61 139 75 153 25 103 68 31 109 146 76 154 163
Route 12
FO: -83.242315
fast_of: -83.242315
Válida: t
156 52 130 46 124 75 153 55 133 51 129 66 144 4 82 76 154 163
Route 13
FO: -6.800386
fast_of: -6.800386
Válida: t
156 15 93 75 153 55 133 66 144 68 146 1 79 76 154 163
Route 14
FO: 5.180229
fast_of: 6.806065
Válida: t
156 15 93 48 46 67 126 124 61 139 145 10 88 59 137 75 153 55 133 66 144 40 4 82 118 76 154 163
Route 15
FO: -48.154887
fast_of: -41.311939
Válida: t
156 15 93 39 117 61 139 33 111 25 103 31 109 76 154 163
Route 16
FO: -144.248794
fast_of: -137.405846
Válida: t
156 39 117 34 112 75 153 31 109 76 154 163
Route 17
FO: -167.399192
fast_of: -160.556244
Válida: t
156 52 130 39 117 51 129 26 104 76 154 163
Route 18
FO: 29.416539
fast_of: 50.911981
Válida: t
156 15 93 9 67 87 145 53 131 75 153 55 22 133 100 7 74 152 85 42 120 6 3 84 81 36 114 76 154 163
Route 19
FO: -144.989164
fast_of: -144.989164
Válida: t
156 75 153 25 103 68 7 85 146 76 154 163
Route 20
FO: -98.670042
fast_of: -91.827094
Válida: t
156 15 93 39 117 75 153 51 129 66 144 68 4 82 146 76 154 163
Route 21
FO: -119.771062
fast_of: -115.851929
Válida: t
156 73 151 34 112 75 153 31 24 102 109 76 154 163
Route 22
FO: -151.598450
fast_of: -144.755502
Válida: t
156 39 117 73 151 75 153 6 84 163
Route 23
FO: -156.211033
fast_of: -149.368085
Válida: t
156 15 93 39 117 67 145 33 111 54 132 31 109 76 154 163
Route 24
FO: -0.000000
fast_of: -0.000000
Válida: t
156 15 93 11 89 0 41 78 34 119 112 25 103 51 129 32 110 163
Route 25
FO: -203.817907
fast_of: -175.305907
Válida: t
156 52 15 93 130 46 124 75 153 51 129 40 118 68 4 82 146 163
Route 26
FO: 0.000000
fast_of: 6.842948
Válida: t
156 15 93 39 117 73 151 75 153 66 144 19 4 82 97 32 110 163
Route 27
FO: -165.476438
fast_of: -165.476438
Válida: t
156 25 103 55 133 51 129 66 144 68 4 82 146 76 154 163
Route 28
FO: -11.723599
fast_of: -4.880650
Válida: t
156 15 93 39 117 73 151 0 56 134 78 22 34 112 100 69 147 7 85 163
Route 29
FO: -113.893858
fast_of: -107.050909
Válida: t
156 39 117 18 66 96 68 144 146 76 154 163
Route 30
FO: -7.762636
fast_of: 47.781025
Válida: t
156 15 93 39 117 73 151 0 41 78 22 34 119 112 25 103 100 71 77 149 155 47 125 163
Route 31
FO: -68.905478
fast_of: -34.848529
Válida: t
156 15 93 39 117 73 151 2 22 80 100 55 133 69 18 96 147 7 85 163
Route 32
FO: -168.641126
fast_of: -161.798178
Válida: t
156 39 117 25 103 76 154 163
Route 33
FO: 19.949490
fast_of: 44.125859
Válida: t
156 8 86 23 101 58 136 53 131 75 153 55 22 133 100 51 7 129 74 152 85 42 120 6 3 84 81 36 114 76 154 163
Route 34
FO: -150.410349
fast_of: -143.567401
Válida: t
156 39 117 34 112 26 104 32 110 163
Route 35
FO: -0.000000
fast_of: 14.681213
Válida: t
156 15 93 39 117 73 151 34 112 25 103 24 77 102 66 144 155 163
Route 36
FO: -35.676277
fast_of: -24.486630
Válida: t
156 52 130 15 93 39 117 53 131 75 153 55 133 37 19 115 97 76 154 163
Route 37
FO: 0.814523
fast_of: 7.657471
Válida: t
156 15 93 39 117 73 151 0 56 134 41 78 34 119 112 25 103 77 37 155 47 125 115 163
Route 38
FO: -3.845311
fast_of: 56.973197
Válida: t
156 52 15 130 93 39 117 25 103 55 133 31 7 85 109 37 19 115 97 32 76 110 154 163
Route 39
FO: -19.353884
fast_of: -19.353884
Válida: t
156 15 93 46 67 124 61 139 145 75 153 55 133 66 144 6 84 76 154 163
Route 40
FO: -60.197761
fast_of: -53.354813
Válida: t
156 39 117 73 151 18 7 96 85 6 84 76 154 163
////////Airplane 1////////
Route 0
FO: 0.000000
fast_of: 0.000000
Válida: t
157 46 67 124 13 91 145 59 137 70 148 18 96 51 129 19 3 81 97 1 79 164
Route 1
FO: 0.000000
fast_of: 0.000000
Válida: t
157 46 67 124 13 91 145 41 59 119 137 44 122 70 148 18 96 51 129 19 3 81 97 1 79 164
Route 2
FO: 0.000000
fast_of: 0.000000
Válida: t
157 46 67 124 61 139 145 41 59 119 137 44 122 70 148 18 96 51 129 19 3 81 97 1 79 164
Route 3
FO: -256.140832
fast_of: -256.140832
Válida: t
157 164
Route 4
FO: -128.082889
fast_of: -99.570889
Válida: t
157 52 15 93 130 16 94 13 91 58 136 53 35 113 131 34 112 25 103 70 148 18 24 96 102 20 98 47 125 63 141 164
Route 5
FO: -69.589339
fast_of: 24.982095
Válida: t
157 52 15 93 130 16 94 13 91 58 136 53 35 113 131 34 112 25 103 71 70 148 18 24 149 96 102 20 98 47 125 1 63 141 76 79 154 164
Route 6
FO: 18.977379
fast_of: 113.548813
Válida: t
157 52 15 93 130 67 145 13 91 61 139 59 35 113 137 34 112 25 103 71 70 148 18 24 149 96 102 20 98 47 125 1 63 141 76 79 154 164
Route 7
FO: -79.612856
fast_of: -79.612856
Válida: t
157 15 93 52 67 130 145 59 137 25 103 70 148 18 24 102 96 19 47 97 125 76 154 164
Route 8
FO: -16.615347
fast_of: -14.944347
Válida: t
157 52 130 16 94 13 91 58 136 59 137 34 112 25 103 71 70 148 18 149 77 96 155 47 125 6 84 76 154 164
Route 9
FO: -185.669157
fast_of: -123.103510
Válida: t
157 15 93 52 130 58 136 65 143 34 112 17 95 54 132 18 24 96 102 20 98 47 125 26 104 76 154 164
Route 10
FO: -107.587437
fast_of: -106.772914
Válida: t
157 52 130 15 93 0 78 44 122 70 148 18 96 47 125 76 154 164
Route 11
FO: -127.596158
fast_of: -126.781635
Válida: t
157 13 91 58 136 25 103 44 122 70 148 18 77 96 155 47 125 32 110 76 154 164
Route 12
FO: -203.154340
fast_of: -196.311392
Válida: t
157 39 117 58 136 17 95 54 132 18 24 102 96 47 125 1 79 26 104 76 154 164
Route 13
FO: -155.766327
fast_of: -155.766327
Válida: t
157 15 93 13 91 58 136 53 131 34 112 25 103 70 148 24 102 69 147 164
Route 14
FO: 4.704044
fast_of: 46.877769
Válida: t
157 52 15 93 130 67 13 91 61 139 145 59 137 25 103 71 70 148 24 102 149 51 129 47 125 36 114 76 154 164
Route 15
FO: -207.641230
fast_of: -200.798281
Válida: t
157 39 117 51 129 19 3 81 97 164
Route 16
FO: -70.298628
fast_of: -70.298628
Válida: t
157 13 91 59 137 70 148 18 96 51 129 19 3 81 97 26 104 164
Route 17
FO: -67.439340
fast_of: -67.439340
Válida: t
157 46 67 124 13 91 145 70 148 18 96 19 3 81 97 164
Route 18
FO: -81.561892
fast_of: -70.160846
Válida: t
157 13 91 53 131 34 25 112 103 70 148 24 102 66 144 164
Route 19
FO: -108.175140
fast_of: -105.903672
Válida: t
157 15 93 73 151 59 137 44 122 70 148 18 24 102 96 47 125 40 118 76 154 164
Route 20
FO: -117.526932
fast_of: -110.683984
Válida: t
157 52 130 39 117 22 100 54 132 18 96 47 125 1 79 6 84 76 154 164
Route 21
FO: -226.760463
fast_of: -225.945940
Válida: t
157 11 89 25 103 18 96 51 129 47 125 19 97 164
Route 22
FO: 0.000000
fast_of: 1.456945
Válida: t
157 52 130 46 67 124 13 91 145 60 138 10 88 33 111 51 129 40 118 31 109 6 3 81 84 164
Route 23
FO: -37.696260
fast_of: -36.881737
Válida: t
157 52 130 58 136 53 131 34 112 55 133 24 18 96 102 20 98 47 125 32 110 164
Route 24
FO: -124.829272
fast_of: -124.829272
Válida: t
157 13 91 53 131 25 103 70 148 24 102 66 144 164
Route 25
FO: -30.744417
fast_of: -30.744417
Válida: t
157 52 130 59 34 112 137 44 122 70 148 18 96 76 154 164
Route 26
FO: -55.073355
fast_of: -46.043388
Válida: t
157 11 67 89 145 59 34 112 137 75 153 55 133 66 144 36 114 164
Route 27
FO: -285.716161
fast_of: -278.873213
Válida: t
157 39 117 67 145 17 95 54 132 18 24 102 96 37 115 164
Route 28
FO: -78.290264
fast_of: -41.214662
Válida: t
157 39 117 73 151 58 136 60 138 53 131 34 22 112 100 54 132 71 18 149 96 68 146 40 118 19 3 26 81 97 104 36 114 164
Route 29
FO: -64.366768
fast_of: -62.909824
Válida: t
157 52 67 130 13 91 145 10 88 60 138 22 100 40 118 6 3 81 84 164
Route 30
FO: -42.329822
fast_of: -24.986840
Válida: t
157 46 67 124 61 139 145 59 137 22 55 100 133 18 96 51 129 19 3 81 97 164
Route 31
FO: -143.388270
fast_of: -132.198623
Válida: t
157 39 117 59 137 25 103 70 148 18 96 37 19 47 97 125 115 26 104 76 154 164
Route 32
FO: 33.602598
fast_of: 61.602992
Válida: t
157 39 117 73 151 13 91 2 80 22 55 133 100 54 132 18 96 51 5 129 83 74 152 47 125 1 79 6 3 84 81 76 154 164
Route 33
FO: -16.297207
fast_of: -12.144747
Válida: t
157 11 89 58 136 59 137 34 112 17 95 24 18 96 42 102 120 20 98 36 114 76 154 164
Route 34
FO: -106.150231
fast_of: -105.335708
Válida: t
157 15 93 52 130 53 131 17 95 54 132 18 96 20 98 47 125 26 104 76 154 164
Route 35
FO: -140.090607
fast_of: -112.130797
Válida: t
157 39 117 25 103 44 122 70 148 18 77 96 155 47 125 32 76 154 110 164
Route 36
FO: 0.000000
fast_of: 4.152460
Válida: t
157 46 67 124 13 91 145 59 137 44 122 70 148 18 96 51 129 19 3 81 97 36 114 164
Route 37
FO: 15.841324
fast_of: 84.859296
Válida: t
157 52 15 93 130 16 94 13 91 60 138 53 131 25 34 103 112 71 70 148 18 24 149 96 102 6 84 164
Route 38
FO: -9.918451
fast_of: -9.918451
Válida: t
157 52 130 58 136 53 131 34 112 55 133 24 18 96 102 66 144 164
////////Airplane 2////////
Route 0
FO: -17.638244
fast_of: -15.164244
Válida: t
158 23 101 56 65 134 143 2 80 22 100 7 85 40 118 42 120 20 98 165
Route 1
FO: 88.069989
fast_of: 120.946776
Válida: t
158 64 16 46 142 94 124 23 101 0 56 65 134 143 78 2 80 22 41 119 25 100 103 69 7 85 147 40 118 42 120 20 98 32 26 110 104 76 154 165
Route 2
FO: 72.404075
fast_of: 105.280863
Válida: t
158 64 16 46 142 94 124 23 101 0 56 65 134 143 78 2 80 22 41 119 25 100 103 69 18 96 147 40 118 42 120 20 98 32 26 110 104 76 154 165
Route 3
FO: -278.444393
fast_of: -278.444393
Válida: t
158 165
Route 4
FO: 98.271686
fast_of: 226.258149
Válida: t
158 8 23 86 11 101 89 9 87 56 0 65 134 143 78 2 80 22 100 17 95 69 7 85 147 40 118 42 120 19 6 84 97 1 79 165
Route 5
FO: 98.271686
fast_of: 263.212656
Válida: t
158 8 23 86 11 101 89 9 87 56 0 65 134 143 78 2 80 22 100 17 95 69 7 85 147 40 118 42 120 19 6 84 97 1 76 79 154 165
Route 6
FO: 39.246562
fast_of: 208.208924
Válida: t
158 8 23 86 11 101 89 9 87 56 0 65 134 143 78 2 80 22 100 17 95 69 51 129 147 40 118 42 120 19 6 84 97 1 76 79 154 165
Route 7
FO: -52.000815
fast_of: -23.446620
Válida: t
158 8 86 11 89 67 145 56 0 65 134 143 78 2 80 22 100 17 95 69 7 85 40 147 118 42 120 19 6 84 97 26 104 76 154 165
Route 8
FO: 47.912898
fast_of: 61.787944
Válida: t
158 16 46 94 124 23 101 0 56 65 134 143 78 2 80 22 100 34 25 112 103 77 7 155 85 40 118 6 84 26 104 76 154 165
Route 9
FO: -11.494194
fast_of: -11.494194
Válida: t
158 23 101 0 56 65 134 143 78 34 112 18 69 96 147 40 118 42 120 20 98 26 104 76 154 165
Route 10
FO: -45.792113
fast_of: -43.318113
Válida: t
158 8 86 48 126 9 87 56 0 65 134 143 78 2 80 22 100 51 129 40 118 42 120 32 110 76 154 165
Route 11
FO: -36.283312
fast_of: -33.809312
Válida: t
158 52 130 56 65 134 143 2 80 7 85 40 118 42 120 76 154 165
Route 12
FO: -115.984714
fast_of: -115.984714
Válida: t
158 16 94 73 151 0 56 65 134 143 78 75 153 55 133 71 149 40 118 42 120 37 115 3 26 81 104 76 154 165
Route 13
FO: -160.016264
fast_of: -157.542264
Válida: t
158 48 126 9 87 65 143 2 80 55 133 69 147 40 118 42 120 76 154 165
Route 14
FO: 9.967012
fast_of: 33.795244
Válida: t
158 23 101 9 87 56 65 134 143 2 80 17 33 111 95 7 85 24 102 42 120 76 154 165
Route 15
FO: 10.008793
fast_of: 12.482793
Válida: t
158 23 101 9 87 56 65 134 143 2 80 7 85 31 42 120 109 19 97 76 154 165
Route 16
FO: -144.187358
fast_of: -120.299184
Válida: t
158 39 117 56 58 136 65 134 143 18 69 96 147 40 118 42 120 20 98 26 104 76 154 165
Route 17
FO: -164.404969
fast_of: -161.930969
Válida: t
158 9 87 58 136 2 80 55 133 40 118 42 120 76 154 165
Route 18
FO: 63.208069
fast_of: 82.727295
Válida: t
158 11 89 9 87 58 56 136 65 134 143 2 80 22 100 7 85 40 118 42 120 19 3 97 81 76 154 165
Route 19
FO: -5.996991
fast_of: 33.431516
Válida: t
158 9 87 56 65 134 143 2 80 22 100 51 129 40 118 66 144 6 76 84 32 110 154 165
Route 20
FO: -152.186175
fast_of: -149.712175
Válida: t
158 2 80 22 34 112 100 24 102 40 118 42 120 20 98 165
Route 21
FO: -227.212610
fast_of: -221.597131
Válida: t
158 73 67 151 145 0 56 65 134 143 78 55 75 153 133 71 149 40 118 6 84 165
Route 22
FO: -19.170857
fast_of: -16.696857
Válida: t
158 52 48 130 126 56 65 134 143 2 80 33 111 7 42 120 85 76 154 165
Route 23
FO: -125.210651
fast_of: -108.165425
Válida: t
158 11 89 58 56 136 65 134 143 18 96 40 118 42 120 20 98 32 110 165
Route 24
FO: -127.843793
fast_of: -125.369793
Válida: t
158 16 46 94 124 23 101 53 131 2 80 22 100 51 129 7 85 40 118 6 84 165
Route 25
FO: 88.069989
fast_of: 90.543989
Válida: t
158 23 101 60 138 0 56 65 134 143 78 2 80 55 133 7 85 40 118 42 120 20 98 32 110 76 154 165
Route 26
FO: 63.208069
fast_of: 65.682069
Válida: t
158 73 151 9 87 56 65 134 143 2 80 22 100 25 103 7 85 40 118 42 120 6 84 1 79 165
Route 27
FO: -86.292257
fast_of: -86.292257
Válida: t
158 9 87 58 136 59 34 112 137 55 133 42 120 76 154 165
Route 28
FO: 1.456945
fast_of: 3.930945
Válida: t
158 11 89 9 87 56 134 75 153 2 80 22 100 7 85 40 118 42 120 165
Route 29
FO: 4.785483
fast_of: 56.664012
Válida: t
158 16 46 94 124 23 101 56 65 134 143 2 80 22 34 25 112 103 100 77 18 96 155 40 118 6 37 115 84 76 154 165
Route 30
FO: -168.441874
fast_of: -165.967874
Válida: t
158 56 65 134 143 2 80 22 100 54 132 71 149 40 118 76 154 165
Route 31
FO: -44.352437
fast_of: -41.878437
Válida: t
158 23 101 53 131 2 80 22 100 7 85 40 118 3 26 81 104 165
Route 32
FO: 57.209680
fast_of: 59.683680
Válida: t
158 23 101 9 87 56 65 134 143 2 80 22 100 7 85 66 144 165
Route 33
FO: -95.214876
fast_of: -93.757932
Válida: t
158 23 101 53 131 34 112 7 85 51 129 40 118 6 84 32 110 165
Route 34
FO: -157.605182
fast_of: -133.717008
Válida: t
158 39 117 56 58 136 65 134 143 18 24 102 69 96 147 40 118 42 120 6 84 76 154 165
Route 35
FO: 61.751125
fast_of: 113.629654
Válida: t
158 48 46 126 124 23 101 53 131 65 143 2 80 22 34 25 112 103 100 54 132 18 7 85 96 42 120 37 6 84 115 76 154 165
Route 36
FO: 4.857510
fast_of: 50.669505
Válida: t
158 23 101 67 145 2 80 22 100 7 85 40 118 42 120 19 6 84 1 97 32 110 79 165
Route 37
FO: 0.000000
fast_of: 0.000000
Válida: t
158 23 101 9 87 56 0 134 78 55 133 71 7 85 149 66 144 165
Route 38
FO: -16.762723
fast_of: -14.288723
Válida: t
158 23 101 9 87 56 134 2 80 7 85 6 84 1 79 165
Route 39
FO: 86.613044
fast_of: 89.087044
Válida: t
158 16 46 94 124 23 101 0 56 65 134 143 78 2 80 22 100 75 153 7 85 66 144 6 84 76 154 165
Route 40
FO: 11.658642
fast_of: 40.212837
Válida: t
158 23 101 58 136 60 138 56 134 2 80 22 100 69 7 85 147 40 118 42 120 19 6 84 97 1 79 165
////////Airplane 3////////
Route 0
FO: -143.349494
fast_of: -143.349494
Válida: t
159 9 87 60 138 54 132 6 84 166
Route 1
FO: -168.080508
fast_of: -168.080508
Válida: t
159 9 87 60 138 54 132 77 155 6 84 166
Route 2
FO: -137.820081
fast_of: -137.820081
Válida: t
159 23 101 60 138 54 132 77 155 6 84 166
Route 3
FO: -260.248300
fast_of: -260.248300
Válida: t
159 166
Route 4
FO: -295.413712
fast_of: -295.413712
Válida: t
159 73 151 21 99 49 127 72 150 54 132 77 155 14 92 37 115 166
Route 5
FO: -323.855992
fast_of: -323.855992
Válida: t
159 73 151 21 99 49 127 72 150 27 54 132 105 77 155 14 92 37 115 166
Route 6
FO: -323.855992
fast_of: -323.855992
Válida: t
159 73 151 21 99 49 127 72 150 27 54 132 105 77 155 14 92 37 115 166
Route 7
FO: -288.517412
fast_of: -284.170712
Válida: t
159 73 67 30 108 151 10 88 145 21 99 49 127 72 150 54 132 77 155 19 37 97 115 166
Route 8
FO: -173.772233
fast_of: -173.772233
Válida: t
159 11 89 54 132 77 155 6 84 76 154 166
Route 9
FO: -158.490020
fast_of: -158.490020
Válida: t
159 9 87 22 100 54 132 76 154 166
Route 10
FO: -253.537439
fast_of: -253.537439
Válida: t
159 17 95 54 132 166
Route 11
FO: -127.281691
fast_of: -127.281691
Válida: t
159 9 87 30 108 33 111 76 154 166
Route 12
FO: -208.314971
fast_of: -201.472022
Válida: t
159 39 117 34 112 54 132 166
Route 13
FO: -190.421049
fast_of: -183.578101
Válida: t
159 39 117 73 151 75 153 72 150 54 132 37 115 166
Route 14
FO: -207.989723
fast_of: -207.989723
Válida: t
159 73 151 75 153 72 150 54 132 166
Route 15
FO: -78.261847
fast_of: -78.261847
Válida: t
159 9 87 60 138 54 132 66 144 6 84 166
Route 16
FO: -203.468293
fast_of: -203.468293
Válida: t
159 73 151 75 153 24 102 54 132 166
Route 17
FO: -145.158085
fast_of: -145.158085
Válida: t
159 73 151 75 153 33 111 6 84 166
Route 18
FO: -203.676319
fast_of: -196.833371
Válida: t
159 39 117 22 100 54 132 6 84 166
Route 19
FO: -101.998460
fast_of: -101.998460
Válida: t
159 11 89 57 30 108 135 33 111 6 84 32 110 166
Route 20
FO: -197.942909
fast_of: -197.942909
Válida: t
159 73 151 75 153 55 133 54 132 166
Route 21
FO: -112.500653
fast_of: -112.500653
Válida: t
159 73 151 60 138 25 103 66 144 6 84 166
Route 22
FO: -158.984965
fast_of: -158.984965
Válida: t
159 11 89 67 30 13 91 145 108 33 111 166
Route 23
FO: -207.001224
fast_of: -200.158276
Válida: t
159 39 117 73 151 17 95 18 96 37 115 166
Route 24
FO: -170.704198
fast_of: -170.704198
Válida: t
159 22 34 112 100 54 132 71 149 166
Route 25
FO: -50.054626
fast_of: -50.054626
Válida: t
159 23 101 60 138 66 144 6 84 166
Route 26
FO: -78.468965
fast_of: -78.468965
Válida: t
159 11 89 67 30 108 10 88 145 33 111 54 132 6 84 32 110 166
Route 27
FO: -103.223275
fast_of: -96.380327
Válida: t
159 39 117 60 138 53 131 25 103 66 144 6 84 166
////////Airplane 4////////
Route 0
FO: 0.000000
fast_of: 4.152460
Válida: t
160 52 130 11 89 61 139 55 133 17 95 31 109 26 104 36 114 167
Route 1
FO: 0.000000
fast_of: 4.152460
Válida: t
160 52 130 11 89 61 139 55 133 17 95 27 77 105 31 155 109 20 50 128 98 26 104 36 114 167
Route 2
FO: 0.000000
fast_of: 4.152460
Válida: t
160 52 130 11 89 61 139 55 133 17 95 27 77 105 31 155 109 20 50 128 98 26 104 36 114 167
Route 3
FO: -242.520888
fast_of: -242.520888
Válida: t
160 167
Route 4
FO: -168.620414
fast_of: -168.620414
Válida: t
160 50 128 26 104 3 81 167
Route 5
FO: -209.244324
fast_of: -209.244324
Válida: t
160 77 155 26 104 3 81 167
Route 6
FO: -74.507506
fast_of: -74.507506
Válida: t
160 52 130 11 89 61 139 55 133 17 95 77 155 19 97 50 128 26 104 76 154 167
Route 7
FO: -170.466753
fast_of: -170.466753
Válida: t
160 77 155 6 3 84 81 167
Route 8
FO: -153.624617
fast_of: -153.624617
Válida: t
160 20 98 6 3 81 84 167
Route 9
FO: -216.152914
fast_of: -216.152914
Válida: t
160 48 126 22 100 76 154 167
Route 10
FO: -141.410113
fast_of: -141.410113
Válida: t
160 25 103 3 6 84 81 167
Route 11
FO: -127.090258
fast_of: -127.090258
Válida: t
160 33 111 26 3 104 81 167
Route 12
FO: -203.150852
fast_of: -203.150852
Válida: t
160 0 78 55 133 1 79 50 128 167
Route 13
FO: -107.481152
fast_of: -77.153145
Válida: t
160 48 11 89 126 61 139 55 133 17 95 69 31 147 109 50 128 26 104 36 114 167
Route 14
FO: -0.000000
fast_of: 7.838265
Válida: t
160 52 130 11 89 61 139 33 111 77 24 102 155 76 154 167
Route 15
FO: -0.000000
fast_of: 10.995408
Válida: t
160 52 130 39 117 61 139 18 31 96 109 20 50 128 98 26 104 36 114 167
Route 16
FO: -148.084217
fast_of: -148.084217
Válida: t
160 55 133 3 6 84 26 104 81 167
Route 17
FO: -252.877547
fast_of: -248.725087
Válida: t
160 58 136 40 118 68 146 36 114 167
Route 18
FO: 0.000000
fast_of: 11.176841
Válida: t
160 11 89 61 139 75 153 55 133 17 95 54 132 24 102 42 31 109 20 120 3 50 128 98 26 104 81 167
Route 19
FO: -59.795933
fast_of: -54.297495
Válida: t
160 52 130 11 89 58 136 17 95 6 50 128 26 104 84 76 154 167
Route 20
FO: -216.014764
fast_of: -216.014764
Válida: t
160 48 126 11 89 67 145 55 133 31 109 6 84 167
Route 21
FO: -192.596623
fast_of: -191.139679
Válida: t
160 52 130 40 118 68 146 167
Route 22
FO: -1.364678
fast_of: 35.934989
Válida: t
160 48 52 130 126 73 151 60 138 59 22 137 34 112 100 51 129 7 85 6 37 50 128 115 84 167
Route 23
FO: -66.759176
fast_of: -62.606716
Válida: t
160 11 89 67 145 33 111 66 144 50 128 26 104 36 114 167
Route 24
FO: 0.000000
fast_of: 37.299668
Válida: t
160 52 130 58 136 60 138 59 22 137 34 112 100 54 132 6 37 115 84 167
Route 25
FO: -59.163456
fast_of: -12.206249
Válida: t
160 11 89 67 145 75 153 55 133 17 95 24 71 102 149 20 37 3 50 128 98 115 26 104 81 167
Route 26
FO: -0.000000
fast_of: 17.342982
Válida: t
160 52 130 73 151 60 138 22 55 133 100 54 132 18 7 96 85 6 37 115 84 167
Route 27
FO: -119.618327
fast_of: -40.342403
Válida: t
160 9 67 87 145 2 80 55 133 17 95 20 37 6 84 98 115 36 114 167
Route 28
FO: 0.000000
fast_of: 0.000000
Válida: t
160 52 130 67 61 139 145 75 153 55 133 17 95 54 132 42 31 109 120 20 50 128 98 26 104 167
Route 29
FO: -72.471242
fast_of: -68.318782
Válida: t
160 48 126 11 89 67 10 88 145 66 144 6 84 36 114 167
Route 30
FO: 0.000000
fast_of: 4.152460
Válida: t
160 52 130 11 89 61 139 75 153 17 95 71 149 26 104 36 114 167
Route 31
FO: -30.097630
fast_of: -25.945170
Válida: t
160 11 89 67 61 139 145 75 153 66 144 6 84 36 114 167
Route 32
FO: -17.780401
fast_of: -12.281962
Válida: t
160 9 87 58 136 60 138 22 34 112 100 37 6 50 128 115 26 104 84 167
Route 33
FO: 0.000000
fast_of: 4.152460
Válida: t
160 11 89 9 87 61 139 55 133 17 95 50 128 26 104 36 114 167
Route 34
FO: 60.572175
fast_of: 99.691117
Válida: t
160 52 130 11 89 53 131 75 153 55 133 17 95 24 102 20 37 3 98 115 26 104 81 167
////////Airplane 5////////
Route 0
FO: -12.720286
fast_of: 16.696253
Válida: t
161 16 48 94 126 58 136 53 131 33 111 27 105 24 102 74 5 152 83 32 110 168
Route 1
FO: 38.840539
fast_of: 46.678804
Válida: t
161 64 16 142 48 94 126 58 136 53 131 56 134 33 111 27 105 77 24 102 74 5 152 83 155 20 98 32 110 168
Route 2
FO: 38.840539
fast_of: 46.678804
Válida: t
161 64 16 142 48 94 126 58 136 53 131 56 134 33 111 27 105 77 24 102 74 5 152 83 155 20 98 32 110 168
Route 3
FO: -231.977566
fast_of: -231.977566
Válida: t
161 168
Route 4
FO: -82.221284
fast_of: -71.225876
Válida: t
161 46 48 126 124 39 117 60 138 59 137 62 140 33 111 27 105 71 31 149 109 74 152 5 83 32 110 36 114 168
Route 5
FO: -53.157646
fast_of: -42.162238
Válida: t
161 46 48 126 124 39 117 60 138 59 137 62 140 33 111 27 105 71 31 149 109 74 152 5 83 32 110 26 104 36 114 168
Route 6
FO: 29.416539
fast_of: 33.568999
Válida: t
161 46 48 126 124 23 101 60 138 59 137 62 140 33 111 27 105 71 31 149 109 74 152 5 83 32 110 26 104 36 114 168
Route 7
FO: -152.287487
fast_of: -145.444539
Válida: t
161 48 126 39 117 59 137 62 140 33 111 31 71 149 109 74 5 152 83 20 98 76 154 168
Route 8
FO: -83.800660
fast_of: -54.384121
Válida: t
161 46 48 126 124 23 101 60 138 22 100 31 109 74 5 152 83 32 110 76 154 168
Route 9
FO: -36.942603
fast_of: -30.099655
Válida: t
161 39 117 73 151 60 138 62 140 33 111 31 109 74 5 152 83 32 110 76 154 168
Route 10
FO: -32.407021
fast_of: -2.990482
Válida: t
161 64 46 142 48 126 124 23 101 60 138 10 88 33 111 31 71 149 109 37 74 152 115 26 104 76 154 168
Route 11
FO: -67.108517
fast_of: -60.265569
Válida: t
161 39 117 73 151 60 138 33 111 31 71 149 109 74 5 152 83 1 79 76 154 168
Route 12
FO: -172.398898
fast_of: -142.982359
Válida: t
161 64 46 142 48 124 126 58 136 53 131 55 133 17 95 51 129 7 85 74 5 152 83 76 154 168
Route 13
FO: -159.912388
fast_of: -153.069440
Válida: t
161 39 117 73 151 60 138 58 136 31 109 74 5 152 83 26 104 76 154 168
Route 14
FO: -84.322604
fast_of: -54.906065
Válida: t
161 9 87 58 136 53 131 55 133 7 85 74 5 152 83 76 154 168
Route 15
FO: 129.739648
fast_of: 141.730372
Válida: t
161 64 16 142 48 94 126 9 87 58 136 60 138 53 131 65 143 75 153 35 62 140 113 33 111 27 54 132 105 77 24 102 74 5 152 83 4 82 155 68 146 36 114 32 110 168
Route 16
FO: -192.754337
fast_of: -191.297392
Válida: t
161 9 87 53 131 55 133 7 85 40 118 168
Route 17
FO: -51.723221
fast_of: -43.884957
Válida: t
161 64 16 142 48 94 126 53 131 34 112 54 132 77 24 102 74 5 152 83 155 20 98 32 110 168
Route 18
FO: -89.372047
fast_of: -89.372047
Válida: t
161 9 87 58 136 53 131 7 85 6 84 168
Route 19
FO: -99.737303
fast_of: -99.737303
Válida: t
161 48 67 126 145 60 138 10 88 33 111 31 71 149 109 37 6 115 84 76 154 168
Route 20
FO: -36.151876
fast_of: -34.811413
Válida: t
161 11 89 60 138 62 140 33 111 51 74 5 152 83 129 32 110 168
Route 21
FO: 52.976539
fast_of: 54.317003
Válida: t
161 64 16 142 48 94 126 9 87 58 136 53 131 33 111 24 102 51 74 5 152 83 129 20 98 32 110 168
Route 22
FO: -111.703347
fast_of: -111.703347
Válida: t
161 46 48 124 126 58 136 53 131 55 133 7 85 32 110 168
Route 23
FO: -139.145164
fast_of: -131.306899
Válida: t
161 48 126 73 151 25 103 77 24 102 74 5 152 83 155 32 110 168
Route 24
FO: -85.812143
fast_of: -80.313704
Válida: t
161 48 126 23 101 60 138 34 112 6 37 115 26 84 104 76 154 168
Route 25
FO: -12.258909
fast_of: -8.106449
Válida: t
161 46 48 126 124 23 101 60 138 59 137 75 153 33 111 7 85 26 104 36 114 168
Route 26
FO: -175.031896
fast_of: -168.188948
Válida: t
161 46 124 39 117 60 138 53 131 17 95 71 18 149 96 74 5 152 83 168
Route 27
FO: -243.645387
fast_of: -236.802439
Válida: t
161 39 117 67 10 145 88 60 138 22 100 71 149 37 6 84 115 168
Route 28
FO: -124.271809
fast_of: -117.428861
Válida: t
161 39 117 73 151 58 136 60 138 33 111 18 5 96 83 26 104 76 154 168
Route 29
FO: 30.779605
fast_of: 67.100669
Válida: t
161 8 86 11 89 58 136 60 138 59 53 131 137 62 140 33 111 54 132 31 71 149 109 74 5 152 83 47 125 26 6 104 84 76 154 168
Route 30
FO: 0.000000
fast_of: 0.000000
Válida: t
161 23 101 60 138 53 131 75 153 33 111 7 85 26 104 32 110 168
Route 31
FO: 0.000000
fast_of: 0.000000
Válida: t
161 64 46 142 48 126 124 23 101 60 138 10 88 33 111 24 102 7 85 76 154 168
Route 32
FO: -101.044016
fast_of: -101.044016
Válida: t
161 46 48 124 126 58 136 53 131 25 103 32 110 168
Route 33
FO: -121.695843
fast_of: -121.695843
Válida: t
161 9 67 87 145 60 138 17 95 31 71 149 109 37 6 115 84 76 154 168
Route 34
FO: -12.151143
fast_of: 17.265396
Válida: t
161 9 87 58 136 60 138 31 7 85 109 74 5 152 83 32 110 168
Route 35
FO: -58.762867
fast_of: -51.447619
Válida: t
161 48 9 126 87 58 136 53 131 55 133 7 85 32 110 168
Route 36
FO: 35.590477
fast_of: 47.581202
Válida: t
161 64 16 142 48 94 126 9 87 58 136 53 131 27 105 77 24 102 74 5 152 83 155 36 114 32 110 168
Route 37
FO: 25.415845
fast_of: 33.254109
Válida: t
161 64 16 142 48 94 126 58 136 60 138 75 153 33 111 77 24 102 74 5 152 83 155 32 110 168
Route 38
FO: -34.972007
fast_of: -34.972007
Válida: t
161 9 87 58 136 53 131 55 133 66 144 76 154 168
Route 39
FO: 0.000000
fast_of: 6.842948
Válida: t
161 46 48 126 124 39 117 58 136 60 138 59 137 62 140 33 111 27 105 71 18 149 96 5 83 32 110 168
Route 40
FO: -0.000000
fast_of: 29.416539
Válida: t
161 64 16 142 48 94 126 58 136 53 131 75 153 55 133 24 102 7 85 74 5 152 83 32 110 168
////////Airplane 6////////
Route 0
FO: 0.000000
fast_of: 6.035984
Válida: t
162 8 86 10 88 35 113 62 140 71 149 66 37 144 68 146 115 169
Route 1
FO: 0.000000
fast_of: 6.035984
Válida: t
162 8 86 23 101 10 88 35 113 62 140 71 149 27 105 66 37 144 68 146 115 45 123 169
Route 2
FO: -38.998052
fast_of: -32.962068
Válida: t
162 8 86 23 101 56 134 35 113 62 140 71 149 27 105 66 37 144 68 146 115 45 123 169
Route 3
FO: -231.143610
fast_of: -231.143610
Válida: t
162 169
Route 4
FO: -198.232212
fast_of: -198.232212
Válida: t
162 10 88 45 123 169
Route 5
FO: -220.903034
fast_of: -220.903034
Válida: t
162 10 88 77 155 169
Route 6
FO: -62.152969
fast_of: -62.152969
Válida: t
162 8 86 10 88 59 137 71 149 66 144 68 146 169
Route 7
FO: -171.523901
fast_of: -165.487917
Válida: t
162 10 88 35 113 24 102 20 98 76 154 169
Route 8
FO: -28.565444
fast_of: -28.565444
Válida: t
162 8 86 23 101 0 78 22 100 54 132 66 37 144 115 76 154 45 123 169
Route 9
FO: -185.607371
fast_of: -179.571387
Válida: t
162 23 101 35 113 37 68 146 115 76 154 45 123 169
Route 10
FO: -147.340917
fast_of: -147.340917
Válida: t
162 71 149 66 144 169
Route 11
FO: -17.513920
fast_of: -11.477936
Válida: t
162 23 101 0 78 35 113 62 140 71 149 66 37 144 68 146 115 45 123 169
Route 12
FO: -167.838489
fast_of: -167.838489
Válida: t
162 10 88 24 102 69 147 76 154 45 123 169
Route 13
FO: -150.193365
fast_of: -150.193365
Válida: t
162 33 111 24 102 76 154 45 123 169
Route 14
FO: 0.000000
fast_of: 6.035984
Válida: t
162 16 94 23 101 35 113 62 140 71 149 66 37 144 68 146 115 76 154 45 123 169
Route 15
FO: -164.930384
fast_of: -158.894400
Válida: t
162 8 86 10 88 35 113 62 140 45 26 104 123 169
Route 16
FO: -238.665808
fast_of: -238.665808
Válida: t
162 8 86 55 133 71 149 68 146 169
Route 17
FO: -121.937099
fast_of: -121.937099
Válida: t
162 10 88 24 102 66 144 169
Route 18
FO: -194.649820
fast_of: -194.649820
Válida: t
162 8 86 11 89 67 10 88 145 68 146 169
Route 19
FO: -235.907588
fast_of: -229.871604
Válida: t
162 11 89 35 113 20 98 45 123 169
Route 20
FO: -151.529065
fast_of: -151.529065
Válida: t
162 10 88 25 103 66 144 68 146 169
Route 21
FO: -109.227095
fast_of: -109.227095
Válida: t
162 60 138 59 137 66 144 68 146 169
Route 22
FO: -128.873927
fast_of: -122.030979
Válida: t
162 8 86 39 117 53 131 35 113 62 140 66 37 144 115 169
Route 23
FO: -12.274254
fast_of: -12.274254
Válida: t
162 8 86 23 101 62 140 66 37 144 68 146 115 26 104 169
Route 24
FO: -65.581808
fast_of: -65.581808
Válida: t
162 23 101 67 10 88 145 66 42 120 37 144 26 115 32 104 110 169
Route 25
FO: -84.092673
fast_of: -77.249725
Válida: t
162 8 86 39 117 53 131 35 113 62 140 24 42 102 120 66 144 169
Route 26
FO: 0.000000
fast_of: 6.035984
Válida: t
162 48 126 23 101 53 131 35 113 62 140 71 149 66 37 144 68 146 115 45 123 169
Route 27
FO: -109.353717
fast_of: -102.510768
Válida: t
162 8 86 39 117 13 91 61 139 35 113 62 140 17 95 54 132 24 42 102 120 169
Route 28
FO: -79.067263
fast_of: -73.031279
Válida: t
162 8 86 13 91 61 139 35 113 62 140 71 149 54 132 169
Route 29
FO: 0.000000
fast_of: 0.000000
Válida: t
162 8 86 10 88 75 153 55 133 71 149 66 37 144 68 146 115 45 123 169
Route 30
FO: -0.000000
fast_of: -0.000000
Válida: t
162 8 86 10 88 59 137 75 153 55 133 71 149 66 37 144 115 76 154 169
