Airplane 0
FO: -34.700386
fast_of: -19.446420
Válida: t
156 15 93 39 117 73 151 0 41 78 34 119 112 25 103 69 147 47 125 163
Utility: 1533.228206

Airplane 1
FO: -19.716069
fast_of: -19.716069
Válida: t
157 46 67 124 13 91 145 59 137 70 148 18 96 51 129 19 3 81 97 1 79 164
Utility: 2034.467177

Airplane 2
FO: -37.520350
fast_of: -26.733748
Válida: t
158 23 101 56 65 134 143 75 153 22 100 7 85 40 118 42 120 20 98 76 154 165
Utility: 2294.396039

Airplane 3
FO: -233.587556
fast_of: -233.587556
Válida: t
159 9 87 60 138 54 132 77 155 6 84 166
Utility: 1038.255649

Airplane 4
FO: -58.486624
fast_of: -55.600510
Válida: t
160 52 130 11 89 61 139 55 133 17 95 31 109 26 104 36 114 167
Utility: 1224.924594

Airplane 5
FO: -0.000000
fast_of: -0.000000
Válida: t
161 64 16 142 48 94 126 58 136 53 131 33 111 27 105 24 102 74 5 152 83 32 110 168
Utility: 1788.482008

Airplane 6
FO: -15.965810
fast_of: -15.965810
Válida: t
162 8 86 10 88 35 113 62 140 71 149 66 37 144 68 146 115 169
Utility: 681.064715

