Airplane 0
FO: -13.924373
fast_of: -2.111770
Válida: t
156 15 93 39 117 73 151 0 41 78 34 119 112 25 103 54 132 69 147 4 82 76 154 163
Utility: 1924.744964

Airplane 1
FO: -3.654865
fast_of: -3.654865
Válida: t
157 46 67 124 13 91 145 59 137 70 148 18 96 51 129 19 3 81 97 1 79 164
Utility: 2034.467177

Airplane 2
FO: -53.238660
fast_of: -50.764660
Válida: t
158 23 101 56 65 134 143 2 80 22 100 7 85 40 118 42 120 20 98 165
Utility: 1942.374451

Airplane 3

Airplane 4
FO: -69.581283
fast_of: -66.025787
Válida: t
160 52 130 11 89 61 139 55 133 17 95 31 109 26 104 36 114 167
Utility: 1224.924594

Airplane 5
FO: -6.261088
fast_of: -1.275825
Válida: t
161 64 16 142 48 94 126 58 136 53 131 33 111 27 105 77 24 102 74 5 152 83 155 6 84 32 110 168
Utility: 2700.339389

Airplane 6
FO: -4.247251
fast_of: -4.247251
Válida: t
162 8 86 10 88 35 113 62 140 71 149 66 37 144 68 146 115 45 123 169
Utility: 697.893005

