Airplane 0
FO: -14.773146
fast_of: -0.445906
Válida: t
156 15 93 39 117 73 151 0 41 78 34 119 112 25 103 69 147 4 82 47 125 163
Utility: 1546.034789

Airplane 1
FO: -15.586114
fast_of: -15.586114
Válida: t
157 46 67 124 13 91 145 59 137 44 122 70 148 18 96 51 129 19 3 81 97 1 79 164
Utility: 2063.898628

Airplane 2
FO: -21.936093
fast_of: -21.097668
Válida: t
158 23 101 56 65 134 143 2 80 22 100 7 85 40 118 42 120 20 98 165
Utility: 1942.374451

Airplane 3
FO: -197.564786
fast_of: -197.564786
Válida: t
159 9 87 60 138 54 132 77 155 6 84 166
Utility: 1038.255649

Airplane 4
FO: -68.087603
fast_of: -65.228870
Válida: t
160 52 130 11 89 61 139 55 133 17 95 31 109 26 104 36 114 167
Utility: 1224.924594

Airplane 5
FO: -47.995802
fast_of: -31.921172
Válida: t
161 16 48 94 126 58 136 53 131 33 111 27 105 24 102 74 5 152 83 32 110 168
Utility: 1757.153160

Airplane 6
FO: -104.638853
fast_of: -104.638853
Válida: t
162 8 86 35 113 62 140 66 37 144 68 146 115 76 154 169
Utility: 784.293993

