Airplane 0
FO: 0.000000
fast_of: 11.213470
Válida: t
156 15 93 39 117 73 151 0 41 78 34 119 112 25 103 69 147 47 125 32 110 163
Utility: 1733.855723

Airplane 1
FO: -82.573059
fast_of: -59.326320
Válida: t
157 46 67 124 13 91 145 75 153 18 96 51 129 19 3 81 97 164
Utility: 1492.290059

Airplane 2
FO: 0.000000
fast_of: 2.474000
Válida: t
158 23 101 56 65 134 143 2 80 22 100 7 85 40 118 42 120 20 98 165
Utility: 1942.374451

Airplane 3
FO: -208.794270
fast_of: -208.794270
Válida: t
159 9 87 60 138 54 132 76 154 166
Utility: 371.083112

Airplane 4
FO: -67.309901
fast_of: -64.172546
Válida: t
160 52 130 11 89 61 139 55 133 17 95 31 109 26 104 36 114 167
Utility: 1224.924594

Airplane 5
FO: 1.652684
fast_of: 15.338146
Válida: t
161 64 16 142 48 94 126 58 136 53 131 33 111 27 105 77 24 102 74 5 152 83 155 1 79 6 84 168
Utility: 2797.245792

Airplane 6
FO: -124.847702
fast_of: -124.847702
Válida: t
162 8 86 35 113 59 137 71 149 66 37 144 68 146 115 169
Utility: 882.959066

