Airplane 0
FO: 0.000000
fast_of: 11.404088
Válida: t
156 15 93 39 117 73 151 0 41 78 34 119 112 25 103 77 66 144 68 155 146 47 125 76 154 163
Utility: 2695.602430

Airplane 1
FO: -17.454848
fast_of: -17.454848
Válida: t
157 46 67 124 13 91 145 59 137 70 148 18 96 51 129 19 3 81 97 1 79 164
Utility: 2034.467177

Airplane 2
FO: -6.211973
fast_of: -3.737973
Válida: t
158 23 101 56 65 134 143 2 80 22 100 7 85 40 118 42 120 20 98 165
Utility: 1942.374451

Airplane 3

Airplane 4
FO: -55.618024
fast_of: -53.209747
Válida: t
160 52 130 11 89 61 139 55 133 17 95 31 109 26 104 36 114 167
Utility: 1224.924594

Airplane 5
FO: -43.893720
fast_of: -41.937962
Válida: t
161 16 48 94 126 58 136 53 131 33 111 27 105 24 102 74 5 152 83 32 110 168
Utility: 1757.153160

Airplane 6
FO: -31.887160
fast_of: -26.823477
Válida: t
162 8 86 10 88 35 113 62 140 71 149 37 6 84 115 45 123 169
Utility: 596.807213

