Airplane 0
FO: -11.402872
fast_of: 0.263244
Válida: t
156 15 93 39 117 73 151 0 41 78 34 119 112 25 103 69 147 47 125 163
Utility: 1533.228206

Airplane 1
FO: -6.920758
fast_of: -6.920758
Válida: t
157 46 67 124 13 91 145 59 137 70 148 18 96 51 129 19 3 81 97 1 79 164
Utility: 2034.467177

Airplane 2
FO: -16.082481
fast_of: -13.624214
Válida: t
158 23 101 56 65 134 143 2 80 22 100 7 85 40 118 42 120 20 98 165
Utility: 1942.374451

Airplane 3
FO: -166.514536
fast_of: -166.514536
Válida: t
159 9 87 60 138 54 132 6 84 166
Utility: 354.355700

Airplane 4
FO: -61.714323
fast_of: -59.710139
Válida: t
160 52 130 11 89 61 139 55 133 17 95 31 109 26 104 36 114 167
Utility: 1224.924594

Airplane 5
FO: -12.373548
fast_of: 2.763125
Válida: t
161 64 16 142 48 94 126 58 136 53 131 33 111 27 105 77 24 102 74 5 152 83 155 76 154 168
Utility: 2548.800174

Airplane 6
FO: -104.790897
fast_of: -104.790897
Válida: t
162 10 88 35 113 62 140 71 149 66 37 144 68 146 115 32 110 169
Utility: 751.177491

