Airplane 0
FO: 14.455170
fast_of: 26.627099
Válida: t
156 15 93 39 117 73 151 0 41 78 34 119 112 25 103 69 147 6 84 76 154 163
Utility: 2059.008802

Airplane 1
FO: -0.000000
fast_of: 6.253295
Válida: t
157 46 67 124 13 91 145 59 137 70 148 18 96 51 129 19 3 81 97 1 79 164
Utility: 2034.467177

Airplane 2
FO: 0.000000
fast_of: 2.474000
Válida: t
158 23 101 56 65 134 143 2 80 22 100 7 85 40 118 42 120 20 98 165
Utility: 1942.374451

Airplane 3

Airplane 4
FO: 12.256429
fast_of: 16.901171
Válida: t
160 52 130 11 89 61 139 55 133 17 95 31 109 26 104 36 114 167
Utility: 1224.924594

Airplane 5
FO: 0.000000
fast_of: 23.902784
Válida: t
161 64 16 142 48 94 126 58 136 60 138 75 153 33 111 27 105 24 102 74 5 152 83 32 110 168
Utility: 1839.839448

Airplane 6
FO: 0.000000
fast_of: 5.191598
Válida: t
162 8 86 10 88 35 113 62 140 71 149 66 77 144 68 146 155 169
Utility: 1247.503861

