Airplane 0
FO: -64.867904
fast_of: -51.231193
Válida: t
156 15 93 39 117 9 87 0 41 78 34 119 112 54 132 69 147 4 82 47 125 163
Utility: 1381.281061

Airplane 1
FO: -56.731395
fast_of: -56.731395
Válida: t
157 46 67 124 13 91 145 59 137 70 148 18 96 51 129 19 3 81 97 1 79 164
Utility: 2034.467177

Airplane 2
FO: -19.164023
fast_of: -17.352291
Válida: t
158 23 101 56 65 134 143 2 80 22 100 7 85 40 118 42 120 20 98 165
Utility: 1942.374451

Airplane 3

Airplane 4
FO: -5.753085
fast_of: -2.934167
Válida: t
160 52 130 11 89 61 139 75 153 55 133 17 95 77 31 155 109 6 84 26 104 36 114 167
Utility: 2274.425856

Airplane 5
FO: -66.779518
fast_of: -66.779518
Válida: t
161 16 48 94 126 58 136 53 131 33 111 27 105 24 102 74 5 152 83 32 110 168
Utility: 1757.153160

Airplane 6
FO: -93.804578
fast_of: -93.804578
Válida: t
162 8 86 10 88 35 113 25 103 71 149 66 37 144 68 146 115 76 154 45 123 169
Utility: 1121.150065

