Airplane 0
156 15 93 39 117 73 151 0 41 78 34 119 112 25 103 69 147 4 82 6 84 76 154 163
Tiempos:
(0.000000, 34.530759) (36.000000, 36.000000) (45.624091, 45.624091) (77.272850, 77.272850) (109.842292, 109.842292) (121.825775, 121.825775) (152.662611, 157.468628) (175.000000, 208.273747) (239.000000, 239.000000) (264.062601, 264.062601) (299.717583, 299.717583) (303.774033, 303.774033) (319.848242, 319.848242) (329.141247, 329.141247) (346.720475, 363.524030) (381.000000, 381.000000) (416.635824, 454.174077) (469.000000, 469.000000) (470.121689, 495.281593) (517.000000, 517.000000) (545.541312, 560.587984) (572.000000, 572.000000) (589.653228, 589.653228) (594.125394, 594.125394) 
Utility: 2077.435512

Airplane 1
157 46 67 124 13 91 145 59 137 44 122 70 148 18 96 51 129 19 3 81 97 164
Tiempos:
(0.000000, 4.766661) (39.000000, 68.928197) (90.000000, 90.000000) (113.021393, 113.021393) (134.809193, 134.809193) (146.830905, 146.830905) (171.462310, 215.136153) (237.000000, 237.000000) (277.279481, 357.379129) (371.000000, 371.000000) (380.191624, 380.191624) (389.748907, 389.748907) (390.868260, 397.692604) (402.000000, 402.000000) (428.627116, 428.627116) (437.242099, 437.242099) (463.831168, 463.831168) (501.334350, 518.720849) (529.000000, 529.000000) (549.425750, 549.425750) (561.286973, 561.286973) (579.458707, 579.458707) 
Utility: 1754.684484

Airplane 2
158 23 101 56 65 134 143 2 80 22 100 7 85 40 118 42 120 20 98 1 79 165
Tiempos:
(0.000000, 26.608965) (61.000000, 61.000000) (99.512950, 183.868334) (202.000000, 202.000000) (221.841423, 221.841423) (229.644488, 229.644488) (236.979991, 245.784935) (256.000000, 256.000000) (261.084282, 263.637513) (267.000000, 267.000000) (306.733843, 385.302939) (414.000000, 414.000000) (434.768397, 434.768397) (450.788127, 450.788127) (470.829247, 470.829247) (481.195392, 481.195392) (498.457713, 498.457713) (505.740721, 505.740721) (546.479512, 546.479512) (570.330525, 570.330525) (611.065487, 611.065487) (617.897903, 617.897903) 
Utility: 2252.848716

Airplane 3

Airplane 4
160 52 130 11 89 61 139 75 153 55 133 17 95 77 31 155 109 50 128 26 104 36 114 167
Tiempos:
(0.000000, 0.000000) (28.022161, 28.022161) (62.060286, 62.060286) (108.833455, 108.833455) (152.181379, 152.181379) (195.207353, 195.207353) (228.772840, 258.173705) (279.000000, 279.000000) (286.788005, 289.422647) (298.000000, 298.000000) (327.916923, 327.916923) (342.944197, 342.944197) (366.762434, 393.195594) (422.000000, 422.000000) (447.653076, 447.653076) (467.015599, 467.015599) (498.673180, 524.923067) (539.000000, 539.000000) (546.488398, 546.488398) (554.098691, 554.098691) (571.129553, 571.129553) (577.965519, 577.965519) (598.760172, 598.760172) (629.214090, 629.214090) 
Utility: 2014.281465

Airplane 5
161 16 48 94 126 58 136 53 131 33 111 27 105 24 102 74 5 152 83 32 110 168
Tiempos:
(0.000000, 12.079072) (24.000000, 24.000000) (44.220158, 44.220158) (67.199207, 67.199207) (88.259338, 152.952343) (163.000000, 163.000000) (190.880195, 210.140179) (225.000000, 225.000000) (235.844331, 244.502856) (283.000000, 283.000000) (323.947598, 368.819816) (378.000000, 378.000000) (414.026619, 414.026619) (417.359997, 417.359997) (434.544980, 434.544980) (456.623172, 456.623172) (462.532085, 462.532085) (464.232126, 464.232126) (467.814988, 552.071152) (562.000000, 562.000000) (585.303511, 585.303511) (591.310808, 591.310808) 
Utility: 1757.153160

Airplane 6
162 8 86 10 88 35 113 62 140 71 149 66 37 144 68 146 115 169
Tiempos:
(0.000000, 0.000000) (48.072202, 48.072202) (77.599439, 160.450185) (169.000000, 169.000000) (173.054067, 243.733256) (251.000000, 251.000000) (257.948144, 269.832701) (272.000000, 272.000000) (274.117861, 366.995413) (385.000000, 385.000000) (408.400499, 410.892188) (434.000000, 467.051567) (480.000000, 480.000000) (511.541646, 511.541646) (516.679194, 516.679194) (539.395979, 539.395979) (565.425087, 565.425087) (612.653585, 612.653585) 
Utility: 681.064715

Total utility: 10537.468053
Tiempo total: 1496.924755s
Corridas internas: 7
