Airplane 0
FO: 0.000000
fast_of: 14.563268
Válida: t
156 15 93 39 117 73 151 0 41 78 34 119 112 25 103 69 147 47 125 163
Utility: 1533.228206

Airplane 1
FO: -45.684935
fast_of: -45.684935
Válida: t
157 46 67 124 13 91 145 60 138 18 96 51 129 19 3 81 97 1 79 76 154 164
Utility: 2062.402105

Airplane 2
FO: -8.704304
fast_of: -6.242523
Válida: t
158 23 101 56 65 134 143 2 80 22 100 7 85 40 118 42 120 20 98 165
Utility: 1942.374451

Airplane 3

Airplane 4
FO: -75.803247
fast_of: -73.051322
Válida: t
160 52 130 11 89 61 139 55 133 17 95 31 109 26 104 36 114 167
Utility: 1224.924594

Airplane 5
FO: 33.656410
fast_of: 33.656410
Válida: t
161 64 16 142 48 94 126 9 87 58 136 53 131 33 111 27 105 77 24 102 74 5 152 83 155 6 84 32 110 168
Utility: 2828.656965

Airplane 6
FO: -2.043193
fast_of: -2.043193
Válida: t
162 8 86 10 88 35 113 62 140 71 149 66 37 144 68 146 115 169
Utility: 681.064715

