Airplane 0
FO: -7.345595
fast_of: 5.856325
Válida: t
156 15 93 39 117 73 151 0 41 78 34 119 112 25 103 69 147 4 82 47 125 76 154 163
Utility: 1866.980514

Airplane 1
FO: -22.688595
fast_of: -22.688595
Válida: t
157 46 67 124 13 91 145 59 137 70 148 18 96 51 129 19 3 81 97 1 79 164
Utility: 2034.467177

Airplane 2
FO: -23.613151
fast_of: -21.139151
Válida: t
158 23 101 56 65 134 143 2 80 22 100 7 85 40 118 42 120 20 98 165
Utility: 1942.374451

Airplane 3
FO: -206.089914
fast_of: -206.089914
Válida: t
159 9 87 60 138 54 132 77 155 6 84 166
Utility: 1038.255649

Airplane 4
FO: -90.606478
fast_of: -87.812400
Válida: t
160 52 130 11 89 61 139 55 133 17 95 31 109 26 104 36 114 167
Utility: 1224.924594

Airplane 5
FO: -20.529260
fast_of: -20.529260
Válida: t
161 16 48 94 126 58 136 53 131 33 111 27 105 24 102 74 5 152 83 32 110 168
Utility: 1757.153160

Airplane 6
FO: -56.922540
fast_of: -47.674718
Válida: t
162 8 86 10 88 35 113 62 140 71 149 66 37 144 68 146 115 169
Utility: 681.064715

