Airplane 0
FO: -54.873276
fast_of: -39.137797
Válida: t
156 15 93 39 117 73 151 60 138 0 41 78 34 119 112 25 103 69 147 47 125 76 154 163
Utility: 1911.600731

Airplane 1
FO: -22.637004
fast_of: -22.637004
Válida: t
157 46 67 124 13 91 145 59 137 70 148 18 96 51 129 19 3 81 97 1 79 164
Utility: 2034.467177

Airplane 2
FO: -17.248114
fast_of: -17.248114
Válida: t
158 23 101 56 65 134 143 2 80 22 100 7 85 40 118 42 120 20 98 165
Utility: 1942.374451

Airplane 3

Airplane 4
FO: -53.272069
fast_of: -50.721397
Válida: t
160 52 130 11 89 61 139 55 133 17 95 31 109 26 104 36 114 167
Utility: 1224.924594

Airplane 5
FO: -0.000000
fast_of: -0.000000
Válida: t
161 64 16 142 48 94 126 58 136 53 131 33 111 27 105 24 102 74 5 152 83 6 84 32 110 168
Utility: 2033.896663

Airplane 6
FO: -35.075144
fast_of: -35.075144
Válida: t
162 8 86 10 88 35 113 62 140 71 149 66 77 144 68 146 155 169
Utility: 1247.503861

