Airplane 0
FO: -6.785929
fast_of: 7.187548
Válida: t
156 15 93 39 117 73 151 0 41 78 34 119 112 25 103 69 147 47 125 76 154 163
Utility: 1854.173931

Airplane 1
FO: -4.619706
fast_of: 3.319940
Válida: t
157 46 67 124 13 91 145 59 137 75 153 44 122 70 148 18 96 51 129 19 3 81 97 1 79 164
Utility: 2138.628366

Airplane 2
FO: -45.798606
fast_of: -44.474278
Válida: t
158 23 101 56 65 134 143 2 80 22 100 7 85 40 118 42 120 20 98 165
Utility: 1942.374451

Airplane 3
FO: -202.353549
fast_of: -202.353549
Válida: t
159 9 87 60 138 54 132 77 155 6 84 166
Utility: 1038.255649

Airplane 4
FO: -59.335396
fast_of: -57.123156
Válida: t
160 52 130 11 89 61 139 55 133 17 95 31 109 26 104 36 114 167
Utility: 1224.924594

Airplane 5
FO: -41.835511
fast_of: -41.835511
Válida: t
161 16 48 94 126 58 136 53 131 33 111 27 105 24 102 74 5 152 83 32 110 168
Utility: 1757.153160

Airplane 6
FO: -32.673793
fast_of: -23.964317
Válida: t
162 8 86 10 88 35 113 62 140 71 149 66 37 144 68 146 115 169
Utility: 681.064715

