Airplane 0
FO: -8.926961
fast_of: 7.622515
Válida: t
156 15 93 39 117 73 151 0 41 78 34 119 112 25 103 69 147 47 125 163
Utility: 1533.228206

Airplane 1
FO: -52.956888
fast_of: -52.956888
Válida: t
157 46 67 124 13 91 145 59 137 70 148 18 96 51 129 19 3 81 97 1 79 164
Utility: 2034.467177

Airplane 2
FO: -80.639553
fast_of: -78.165553
Válida: t
158 23 101 65 143 2 80 22 100 7 85 40 118 42 120 6 84 76 154 165
Utility: 1607.756492

Airplane 3

Airplane 4
FO: -67.675197
fast_of: -64.509416
Válida: t
160 52 130 11 89 61 139 55 133 17 95 31 109 26 104 36 114 167
Utility: 1224.924594

Airplane 5
FO: 2.273680
fast_of: 12.795757
Válida: t
161 64 16 142 48 94 126 58 136 53 131 56 134 33 111 27 105 77 24 102 74 5 152 83 155 20 98 32 110 168
Utility: 3291.278427

Airplane 6
FO: -65.038348
fast_of: -65.038348
Válida: t
162 8 86 10 88 35 113 62 140 71 149 66 37 144 68 146 115 169
Utility: 681.064715

