Airplane 0
FO: -24.056178
fast_of: -11.262645
Válida: t
156 15 93 39 117 73 151 0 41 78 34 119 112 25 103 69 147 47 125 163
Utility: 1533.228206

Airplane 1
FO: 0.000000
fast_of: 0.000000
Válida: t
157 46 67 124 13 91 145 59 137 44 122 70 148 18 96 51 129 19 3 81 97 1 79 164
Utility: 2063.898628

Airplane 2
FO: -26.868387
fast_of: -24.760038
Válida: t
158 23 101 9 87 56 65 134 143 2 80 22 100 7 85 40 118 42 120 6 84 165
Utility: 1864.770512

Airplane 3

Airplane 4
FO: 18.256504
fast_of: 39.209891
Válida: t
160 52 130 11 89 61 139 55 133 17 95 54 132 31 109 20 37 115 98 26 104 36 114 167
Utility: 1897.548107

Airplane 5
FO: -9.646791
fast_of: -9.646791
Válida: t
161 16 48 94 126 58 136 53 131 33 111 27 105 24 102 74 5 152 83 32 110 168
Utility: 1757.153160

Airplane 6
FO: -91.251285
fast_of: -91.251285
Válida: t
162 10 88 35 113 62 140 71 149 66 77 144 68 146 155 169
Utility: 1136.806651

