Airplane 0

Airplane 1
157 41 119 44 122 77 68 146 155 164
Utility: 1002.430959

Airplane 2
158 40 118 42 120 50 128 32 110 45 123 165
Utility: 96.648042

Airplane 3
159 72 150 54 132 24 102 12 90 37 115 1 79 166
Utility: 522.439828

Airplane 4
160 52 130 46 124 61 139 59 137 25 103 27 105 51 129 6 84 167
Utility: 1432.005655

Airplane 5
161 74 152 19 97 26 104 76 154 168
Utility: 713.238326

Airplane 6
162 23 101 67 145 30 108 56 65 134 143 75 153 49 127 55 133 71 149 27 105 66 144 20 98 45 123 169
Utility: 2096.763740

