Airplane 0
156 16 94 23 101 67 145 163
Utility: 308.877237

Airplane 1
157 77 155 47 125 26 104 50 128 164
Utility: 669.006257

Airplane 2
158 61 139 56 134 165
Utility: 361.318671

Airplane 3
159 41 119 34 112 72 150 71 149 54 132 24 102 20 98 1 79 166
Utility: 1682.116439

Airplane 4
160 64 142 48 126 46 124 9 87 53 131 25 103 69 147 68 146 19 97 167
Utility: 1427.515206

Airplane 5
161 74 152 37 115 76 154 168
Utility: 283.152388

Airplane 6
162 10 88 65 143 75 153 70 148 27 105 31 109 6 84 169
Utility: 816.970472

