Airplane 0
156 46 124 67 145 163
Utility: 449.074560

Airplane 1

Airplane 2
158 77 155 40 118 42 120 37 115 165
Utility: 608.016798

Airplane 3
159 17 95 27 54 132 105 24 102 20 98 1 79 166
Utility: 1502.594723

Airplane 4
160 52 130 48 126 9 87 56 134 41 35 113 59 137 119 25 103 69 147 68 146 19 50 128 97 167
Utility: 1920.118829

Airplane 5
161 51 129 6 84 26 3 104 81 76 154 168
Utility: 771.573741

Airplane 6
162 16 94 23 101 61 139 10 88 65 143 22 34 112 100 44 122 31 71 149 109 169
Utility: 1700.531920

