Airplane 0
156 16 46 94 124 23 101 61 139 35 113 59 137 34 112 163
Utility: 1698.233900

Airplane 1
157 70 148 7 68 85 146 6 84 164
Utility: 267.522134

Airplane 2
158 77 155 40 118 42 120 20 98 45 123 165
Utility: 1100.505918

Airplane 3
159 33 111 54 132 24 102 37 115 1 79 166
Utility: 620.301100

Airplane 4
160 64 142 48 15 93 126 9 87 53 131 41 22 119 100 69 147 51 129 19 50 128 97 167
Utility: 1516.546172

Airplane 5
161 32 110 26 104 76 154 168
Utility: 447.109974

Airplane 6
162 11 89 67 145 56 65 134 143 75 153 55 133 71 149 27 105 66 144 169
Utility: 1786.107706

