Airplane 0
156 15 93 23 101 163
Utility: 281.988337

Airplane 1
157 26 104 76 154 164
Utility: 237.318314

Airplane 2
158 40 118 42 120 20 98 1 79 165
Utility: 775.691850

Airplane 3
159 46 16 94 124 61 139 22 100 17 95 27 54 132 24 102 105 77 155 166
Utility: 998.183756

Airplane 4
160 64 142 48 67 126 73 151 145 56 59 134 137 34 112 25 103 27 54 132 77 105 66 144 68 155 146 40 118 6 84 32 110 50 128 167
Utility: 2839.004827

Airplane 5
161 35 113 33 111 51 129 74 5 83 152 37 115 168
Utility: 420.264906

Airplane 6
162 10 88 65 143 75 153 41 119 44 122 31 71 149 109 19 97 169
Utility: 890.768252

