Airplane 0
156 16 46 94 124 61 139 56 134 163
Utility: 599.959974

Airplane 1
157 55 133 51 129 68 146 40 118 164
Utility: 382.354086

Airplane 2
158 56 65 134 143 35 113 59 137 165
Utility: 270.494946

Airplane 3
159 11 89 67 73 151 145 0 56 78 75 134 153 49 127 17 95 27 105 54 132 24 102 37 115 6 84 32 110 166
Utility: 1837.557417

Airplane 4
160 64 142 48 126 23 101 9 87 53 131 25 103 69 147 19 50 128 97 167
Utility: 1368.446124

Airplane 5
161 20 98 26 104 76 154 168
Utility: 726.770338

Airplane 6
162 41 119 34 112 71 149 66 77 144 155 1 79 169
Utility: 1758.398415

