Airplane 0
156 15 93 23 101 163
Utility: 281.988337

Airplane 1

Airplane 2

Airplane 3
159 11 89 10 88 65 143 34 112 25 103 54 132 24 18 96 37 102 115 19 97 76 154 166
Utility: 1572.546921

Airplane 4
160 64 46 142 48 124 126 9 87 0 78 22 17 95 100 69 147 51 129 40 118 20 50 128 98 26 104 167
Utility: 1844.131268

Airplane 5
161 64 16 142 94 67 61 145 139 59 137 33 111 27 105 77 71 149 155 1 79 6 3 84 81 32 110 168
Utility: 1291.912075

Airplane 6
162 56 134 41 75 153 55 119 133 27 105 66 144 68 146 169
Utility: 1071.859078

