Airplane 0
156 19 4 82 97 1 79 163
Utility: 422.133387

Airplane 1
157 71 27 149 105 66 144 47 125 164
Utility: 528.943908

Airplane 2
158 11 89 58 136 56 134 55 133 18 77 96 155 40 118 20 98 165
Utility: 1562.249400

Airplane 3

Airplane 4
160 52 130 16 67 94 145 0 65 143 78 22 34 100 112 25 103 69 147 167
Utility: 1628.594082

Airplane 5
161 24 102 74 5 152 83 37 115 26 104 32 110 168
Utility: 656.833847

Airplane 6
162 48 46 126 124 23 101 61 139 41 119 54 132 68 146 6 84 76 154 169
Utility: 2253.154510

