Airplane 0
156 52 130 46 124 61 139 0 41 78 34 119 112 25 103 18 31 4 82 96 109 163
Utility: 1207.409398

Airplane 1
157 33 111 51 129 19 97 1 79 164
Utility: 821.444611

Airplane 2
158 16 94 23 101 9 87 59 137 22 100 71 149 66 144 3 26 81 32 104 110 76 154 165
Utility: 2136.141139

Airplane 3
159 11 89 67 30 108 10 88 145 56 134 41 119 54 132 69 147 20 98 166
Utility: 1441.008861

Airplane 4
160 64 142 48 9 126 87 53 131 25 103 27 105 66 144 68 146 167
Utility: 708.600341

Airplane 5
161 74 152 5 83 37 115 168
Utility: 3.131981

Airplane 6
162 10 88 65 143 75 153 17 95 27 105 77 155 6 84 45 123 169
Utility: 1158.939116

