Airplane 0

Airplane 1
157 69 18 96 147 19 97 32 26 110 104 164
Utility: 853.491088

Airplane 2
158 16 46 94 124 23 101 61 139 22 34 112 100 165
Utility: 1249.583696

Airplane 3
159 55 49 127 72 150 133 54 132 24 102 1 79 166
Utility: 580.299206

Airplane 4
160 52 130 48 126 9 87 56 134 33 111 27 105 51 129 68 146 167
Utility: 1564.700715

Airplane 5
161 74 152 40 118 20 98 3 81 168
Utility: 510.646931

Airplane 6
162 11 89 67 10 88 145 65 143 41 35 113 62 140 59 137 119 25 103 44 122 77 71 149 155 6 84 45 123 169
Utility: 2730.516059

