Airplane 0
156 46 124 67 145 163
Utility: 449.074560

Airplane 1
157 33 111 7 85 77 155 164
Utility: 705.435208

Airplane 2
158 16 94 9 87 56 0 134 78 165
Utility: 715.881420

Airplane 3
159 41 119 34 112 72 150 54 132 71 149 20 98 76 154 166
Utility: 1449.785584

Airplane 4
160 64 142 48 126 61 139 59 137 25 103 69 147 51 129 19 97 167
Utility: 1423.387370

Airplane 5
161 24 102 37 115 26 104 1 79 168
Utility: 627.647048

Airplane 6
162 23 101 10 88 65 143 75 153 55 133 27 105 66 144 68 146 6 84 169
Utility: 1682.821931

