Airplane 0
156 46 124 67 145 163
Utility: 449.074560

Airplane 1
157 73 151 60 138 65 143 59 137 75 153 33 111 51 129 31 109 20 98 32 26 110 104 164
Utility: 1726.320681

Airplane 2
158 16 94 11 89 58 136 0 78 22 34 112 100 69 147 42 24 102 120 19 3 81 97 1 79 165
Utility: 2194.764927

Airplane 3

Airplane 4
160 52 130 48 126 61 139 41 119 25 103 55 133 18 96 66 144 68 146 167
Utility: 1112.458575

Airplane 5
161 74 5 152 83 37 115 76 154 168
Utility: 330.792718

Airplane 6
162 23 101 10 88 56 134 75 153 70 148 71 149 27 105 77 155 6 84 45 123 169
Utility: 2114.641524

