Airplane 0
156 19 97 32 110 163
Utility: 306.890427

Airplane 1
157 77 155 47 125 26 104 50 128 164
Utility: 669.006257

Airplane 2
158 23 101 67 145 56 65 134 143 165
Utility: 1198.881248

Airplane 3
159 33 111 54 132 24 102 71 149 20 98 1 79 76 154 166
Utility: 1335.366579

Airplane 4
160 64 142 48 126 46 124 61 139 41 119 22 100 69 147 167
Utility: 1373.218020

Airplane 5
161 27 105 5 83 37 115 3 81 168
Utility: 333.826454

Airplane 6
162 10 88 59 137 75 153 70 148 44 122 31 109 6 84 169
Utility: 520.515424

