Airplane 0
156 16 94 23 101 67 145 163
Utility: 827.899237

Airplane 1
157 13 91 61 139 59 137 34 112 44 122 71 149 68 146 19 3 81 97 76 154 164
Utility: 1203.613645

Airplane 2
158 40 118 42 120 20 98 165
Utility: 465.217585

Airplane 3
159 41 119 54 132 24 102 37 115 166
Utility: 357.556639

Airplane 4
160 64 142 48 126 46 124 9 87 53 131 25 103 69 147 51 129 167
Utility: 1066.812639

Airplane 5
161 35 113 33 111 77 155 6 84 32 110 26 104 168
Utility: 1325.054099

Airplane 6
162 11 89 10 88 56 65 134 143 75 153 55 133 169
Utility: 873.194442

