Airplane 0

Airplane 1
157 77 155 47 125 26 104 50 128 164
Utility: 669.006257

Airplane 2
158 23 101 61 139 65 143 165
Utility: 335.977885

Airplane 3
159 41 119 34 112 72 150 54 132 24 102 71 149 20 98 76 154 166
Utility: 1699.745240

Airplane 4
160 64 46 142 48 124 126 9 87 61 139 35 113 59 137 22 100 69 147 19 50 128 97 167
Utility: 1282.568472

Airplane 5
161 74 152 5 83 12 90 37 115 3 81 168
Utility: 40.499031

Airplane 6
162 16 94 67 10 88 145 0 56 134 78 75 153 17 95 27 31 105 18 96 109 6 84 1 79 45 123 169
Utility: 2041.869760

