Airplane 0
156 52 130 67 73 151 145 0 41 78 34 119 112 25 103 163
Utility: 1026.235009

Airplane 1
157 16 94 9 87 58 136 34 112 25 103 27 66 105 144 19 97 164
Utility: 638.500615

Airplane 2
158 46 124 23 101 61 139 35 113 22 100 25 103 27 77 105 68 155 146 40 118 165
Utility: 1228.279969

Airplane 3
159 49 127 33 111 24 102 71 149 37 115 1 79 166
Utility: 763.944583

Airplane 4
160 64 142 48 15 93 9 126 87 53 131 25 103 69 147 20 98 19 97 167
Utility: 776.438481

Airplane 5
161 77 18 96 74 152 155 6 84 76 154 32 110 168
Utility: 658.403814

Airplane 6
162 56 134 65 143 75 55 153 133 27 77 105 155 3 81 169
Utility: 1566.816401

