Airplane 0
156 8 86 11 89 67 145 0 78 22 100 163
Utility: 892.026452

Airplane 1
157 24 102 51 129 19 3 81 97 164
Utility: 704.116517

Airplane 2
158 41 119 25 103 71 149 40 118 42 120 165
Utility: 456.856819

Airplane 3
159 75 153 55 133 17 95 18 66 96 144 20 98 26 32 104 110 166
Utility: 1180.243589

Airplane 4
160 64 46 142 48 124 126 9 87 56 134 35 113 59 137 34 112 25 103 69 147 68 146 1 50 128 79 76 154 167
Utility: 2334.847170

Airplane 5

Airplane 6
162 16 94 23 101 61 139 10 88 65 143 75 153 33 111 44 122 77 155 6 84 169
Utility: 2026.807438

