Airplane 0
156 16 46 94 124 23 101 61 139 35 113 59 137 34 112 163
Utility: 1389.794900

Airplane 1
157 73 151 0 56 78 134 33 111 27 71 149 105 77 66 144 68 155 146 26 104 76 154 164
Utility: 1683.756941

Airplane 2
158 52 48 130 67 126 13 91 61 139 145 60 138 53 131 55 133 17 95 18 96 51 129 37 115 165
Utility: 1318.359950

Airplane 3
159 8 86 11 89 9 87 61 65 139 41 143 22 100 119 25 103 27 105 24 102 69 147 40 118 19 3 81 97 1 79 166
Utility: 2416.721377

Airplane 4

Airplane 5
161 27 105 74 5 152 83 20 98 32 110 168
Utility: 479.346329

Airplane 6
162 56 134 65 143 75 153 70 148 44 122 31 109 6 84 169
Utility: 20.462770

