Airplane 0

Airplane 1
157 41 119 34 112 44 122 7 85 68 146 19 3 81 97 1 79 164
Utility: 1327.938020

Airplane 2
158 23 101 61 139 165
Utility: 462.298549

Airplane 3
159 33 111 54 132 24 37 102 115 166
Utility: 469.170766

Airplane 4
160 64 142 48 126 46 124 9 87 58 136 53 131 59 137 17 95 69 147 51 129 6 3 84 81 167
Utility: 1708.045157

Airplane 5
161 77 155 47 125 50 128 32 110 26 104 168
Utility: 835.665363

Airplane 6
162 67 145 56 65 134 143 75 153 55 133 71 149 27 105 20 98 76 154 169
Utility: 2299.829964

