Airplane 0
156 77 155 20 98 3 81 163
Utility: 939.132318

Airplane 1
157 33 111 7 68 85 146 6 84 164
Utility: 447.834385

Airplane 2
158 46 67 124 145 56 65 134 143 165
Utility: 1089.149404

Airplane 3
159 54 132 24 37 102 115 76 154 166
Utility: 567.209684

Airplane 4
160 64 142 48 126 23 101 9 87 53 131 25 103 69 147 51 129 19 97 167
Utility: 1529.283361

Airplane 5
161 74 152 1 79 26 104 32 110 168
Utility: 506.447588

Airplane 6
162 10 88 59 41 137 119 55 133 71 149 27 105 66 144 169
Utility: 932.447825

