Airplane 0
156 76 154 32 110 163
Utility: 234.765032

Airplane 1
157 77 155 1 79 26 104 164
Utility: 946.964784

Airplane 2
158 23 101 67 145 56 65 134 143 165
Utility: 1198.881248

Airplane 3
159 41 119 34 112 72 150 54 132 24 102 71 149 20 98 166
Utility: 1185.747706

Airplane 4
160 64 142 48 126 46 124 9 87 53 131 25 103 69 147 68 146 19 97 167
Utility: 1427.515206

Airplane 5
161 74 152 5 83 12 90 37 115 3 81 168
Utility: 40.499031

Airplane 6
162 10 88 59 137 75 153 27 105 31 109 6 84 169
Utility: 906.673978

