Airplane 0

Airplane 1
157 77 155 47 125 26 104 50 128 164
Utility: 669.006257

Airplane 2
158 23 101 67 145 56 65 134 143 165
Utility: 447.474248

Airplane 3
159 41 119 49 127 72 150 54 132 24 102 71 149 20 98 1 79 76 154 166
Utility: 1216.939878

Airplane 4
160 64 142 48 126 15 93 29 107 9 87 53 131 25 103 69 147 68 146 19 97 167
Utility: 951.273475

Airplane 5
161 74 152 5 83 12 90 37 115 3 81 168
Utility: 16.939031

Airplane 6
162 10 88 30 108 65 143 75 153 70 148 44 122 31 109 63 141 6 84 169
Utility: 120.128553

