Airplane 0
156 16 94 23 101 67 145 163
Utility: 827.899237

Airplane 1
157 33 111 77 7 85 155 6 3 81 84 164
Utility: 348.472430

Airplane 2
158 40 118 42 120 20 98 165
Utility: 465.217585

Airplane 3
159 41 119 71 149 54 132 24 37 102 115 1 79 166
Utility: 1098.546293

Airplane 4
160 64 142 48 15 93 126 9 87 56 134 25 103 69 147 51 129 167
Utility: 1059.935503

Airplane 5
161 74 152 47 125 50 128 32 110 26 104 168
Utility: 251.201141

Airplane 6
162 61 65 139 143 75 153 55 133 27 105 66 144 68 146 19 97 169
Utility: 1549.455645

