Airplane 0
156 16 94 11 89 67 10 88 145 0 78 33 111 69 147 51 129 163
Utility: 1382.506799

Airplane 1
157 66 144 68 146 164
Utility: 106.977275

Airplane 2
158 58 136 59 137 25 103 55 133 165
Utility: 509.097674

Airplane 3
159 34 112 71 72 150 149 54 132 24 102 20 98 1 79 76 154 166
Utility: 1365.647122

Airplane 4
160 64 46 142 48 126 124 23 101 61 139 65 143 22 100 17 95 27 77 105 155 40 118 3 26 104 81 167
Utility: 2965.931692

Airplane 5
161 74 5 152 83 19 97 32 110 168
Utility: 461.116402

Airplane 6
162 41 75 153 119 44 122 31 109 6 84 169
Utility: 588.358753

