Airplane 0
156 16 94 11 89 67 10 88 145 163
Utility: 655.932541

Airplane 1
157 66 77 144 155 47 125 164
Utility: 481.326934

Airplane 2
158 23 101 165
Utility: 212.622736

Airplane 3
159 41 119 49 127 72 150 54 132 27 105 20 98 1 79 76 154 166
Utility: 1544.085924

Airplane 4
160 52 130 46 124 9 87 56 0 134 78 22 34 112 100 69 147 40 118 37 6 84 115 50 128 26 104 167
Utility: 2071.141218

Airplane 5
161 51 129 74 152 5 83 19 97 3 81 32 110 168
Utility: 651.617843

Airplane 6
162 61 139 65 143 59 137 33 111 44 122 31 71 149 109 169
Utility: 928.812290

