Airplane 0
156 46 124 67 61 139 145 65 59 143 137 34 112 163
Utility: 1232.321299

Airplane 1

Airplane 2
158 11 89 73 151 0 78 53 131 25 103 55 133 71 149 54 132 51 129 40 118 6 3 81 84 1 79 76 154 165
Utility: 1690.039769

Airplane 3
159 23 101 9 87 65 41 143 119 71 149 27 105 24 102 166
Utility: 1356.249333

Airplane 4
160 64 142 48 15 93 9 126 87 65 143 22 100 69 147 19 97 167
Utility: 671.794547

Airplane 5
161 74 5 152 83 20 98 26 104 1 79 168
Utility: 485.937420

Airplane 6
162 56 134 75 153 33 111 77 155 68 146 169
Utility: 1259.502430

