Airplane 0
156 48 16 126 94 23 101 163
Utility: 469.876203

Airplane 1
157 56 134 41 59 137 119 54 132 31 109 19 3 81 97 164
Utility: 664.669817

Airplane 2
158 46 124 9 87 56 134 41 119 25 103 24 102 66 144 68 146 6 84 76 154 165
Utility: 1051.046377

Airplane 3

Airplane 4
160 52 130 46 124 61 139 60 138 53 131 17 95 55 133 51 129 167
Utility: 766.482998

Airplane 5
161 67 73 151 145 0 65 143 78 34 112 33 111 27 105 77 18 96 74 152 155 26 104 168
Utility: 2414.093546

Airplane 6
162 11 89 58 136 56 134 75 153 22 100 69 71 149 5 83 147 40 118 20 98 1 79 45 123 169
Utility: 1669.645678

