Airplane 0
156 15 93 52 130 67 73 151 145 65 143 33 111 71 149 51 129 40 4 82 118 26 104 163
Utility: 1093.951413

Airplane 1
157 27 105 77 155 164
Utility: 861.569195

Airplane 2

Airplane 3
159 49 127 72 150 54 132 71 149 20 98 76 154 166
Utility: 622.358704

Airplane 4
160 64 142 48 126 46 124 58 136 0 65 143 78 22 100 34 112 71 66 149 144 167
Utility: 1124.953871

Airplane 5
161 56 134 55 133 18 24 102 74 152 5 83 96 68 146 6 84 168
Utility: 1223.309668

Airplane 6
162 16 94 23 101 61 10 88 139 65 143 35 113 62 140 59 137 17 95 69 147 19 3 81 97 1 79 169
Utility: 2228.518092

