Airplane 0

Airplane 1
157 11 89 9 87 65 143 75 153 17 95 55 133 71 149 51 129 19 3 81 97 1 79 164
Utility: 1691.747204

Airplane 2
158 48 16 67 126 94 145 60 138 0 56 65 134 143 78 22 34 112 100 69 147 40 118 31 42 109 120 20 98 26 50 128 32 104 110 165
Utility: 2478.311837

Airplane 3
159 56 134 35 113 59 137 25 103 24 37 102 115 166
Utility: 560.524755

Airplane 4
160 8 86 23 101 58 136 65 41 143 119 27 105 167
Utility: 1128.231728

Airplane 5
161 74 5 152 83 40 118 6 84 76 154 168
Utility: 454.912013

Airplane 6
162 46 124 73 151 61 139 10 88 53 131 56 134 62 140 33 111 54 132 66 77 144 68 155 146 47 125 45 123 169
Utility: 2019.485726

