Airplane 0

Airplane 1
157 77 155 47 125 26 104 50 128 164
Utility: 669.006257

Airplane 2

Airplane 3
159 19 3 81 97 1 79 76 154 166
Utility: 820.420411

Airplane 4
160 64 142 48 126 73 151 9 87 56 0 78 134 55 133 17 95 27 105 24 102 51 129 40 118 6 37 50 128 115 84 167
Utility: 2128.308916

Airplane 5
161 52 130 67 61 139 145 60 138 65 143 41 59 137 119 69 18 147 96 74 5 152 83 20 98 32 110 168
Utility: 2357.268060

Airplane 6
162 46 16 124 94 23 101 58 136 56 134 22 34 112 25 100 103 54 132 71 31 109 149 66 144 68 146 26 104 169
Utility: 2117.127891

