Airplane 0
156 65 143 41 22 119 100 163
Utility: 602.501750

Airplane 1
157 6 3 81 84 1 79 164
Utility: 446.094808

Airplane 2
158 17 95 69 7 85 147 40 118 42 120 19 97 165
Utility: 801.552996

Airplane 3
159 8 86 11 89 60 138 0 78 75 153 25 103 71 31 149 37 109 115 32 110 166
Utility: 1261.592860

Airplane 4
160 52 48 130 126 73 151 13 91 53 131 34 25 112 103 18 24 102 69 96 147 167
Utility: 916.772026

Airplane 5
161 64 16 46 142 94 124 61 139 59 137 33 111 51 129 47 125 26 104 168
Utility: 1591.104149

Airplane 6
162 23 101 67 145 56 134 55 133 27 77 105 66 144 68 146 155 20 98 45 123 169
Utility: 3035.568183

