Airplane 0
156 11 89 67 145 163
Utility: 368.384621

Airplane 1
157 34 112 44 122 77 155 68 146 3 81 164
Utility: 888.788301

Airplane 2
158 51 129 40 118 42 120 20 98 165
Utility: 616.303693

Airplane 3
159 22 100 69 147 37 115 76 154 166
Utility: 606.290296

Airplane 4
160 52 130 16 94 9 87 56 134 25 103 18 96 19 97 167
Utility: 1419.124097

Airplane 5
161 74 152 47 125 26 104 32 110 168
Utility: 281.650271

Airplane 6
162 23 101 61 139 65 143 41 119 55 133 71 149 27 105 66 144 6 84 169
Utility: 2169.544218

