Airplane 0
156 4 82 19 97 76 154 163
Utility: 436.651102

Airplane 1
157 70 148 44 122 7 85 68 146 3 81 164
Utility: 49.346843

Airplane 2
158 23 101 67 145 56 65 134 143 165
Utility: 1198.881248

Airplane 3
159 72 150 54 132 24 102 77 155 37 115 1 79 166
Utility: 1230.485941

Airplane 4
160 64 142 48 126 46 124 9 87 53 131 25 103 69 147 51 129 6 84 167
Utility: 1322.954756

Airplane 5
161 20 98 50 128 32 110 26 104 168
Utility: 574.015677

Airplane 6
162 61 139 41 119 34 112 71 149 27 105 66 144 169
Utility: 1391.927708

