Airplane 0
156 15 93 23 101 67 145 163
Utility: 623.204655

Airplane 1
157 41 119 34 112 44 122 7 85 68 146 19 3 81 97 1 79 164
Utility: 1095.236020

Airplane 2
158 27 105 40 118 42 120 165
Utility: 342.255576

Airplane 3
159 33 111 54 132 24 102 37 6 84 115 166
Utility: 767.270872

Airplane 4
160 64 142 48 126 46 124 9 87 53 131 25 103 69 147 51 129 167
Utility: 1066.812639

Airplane 5
161 77 155 47 125 50 128 32 110 26 104 168
Utility: 835.665363

Airplane 6
162 10 88 56 65 134 143 75 153 55 133 71 149 66 144 20 98 76 154 169
Utility: 1293.147524

