Airplane 0
156 46 124 67 145 163
Utility: 449.074560

Airplane 1
157 6 37 115 84 32 110 76 154 164
Utility: 330.907048

Airplane 2
158 16 94 11 89 61 65 143 139 22 100 17 95 165
Utility: 841.083853

Airplane 3
159 41 59 137 119 34 112 72 150 27 54 132 24 77 105 102 155 166
Utility: 2078.985878

Airplane 4
160 64 142 48 126 15 93 29 107 9 87 53 131 25 103 69 147 68 146 19 97 167
Utility: 558.257475

Airplane 5
161 74 152 5 83 12 90 20 98 3 81 168
Utility: 364.054692

Airplane 6
162 23 101 10 88 56 65 134 143 75 153 70 148 44 122 31 109 1 79 169
Utility: 1044.057218

