Airplane 0
FO: -61.499560
fast_of: -49.534397
Válida: t
156 15 93 39 117 73 151 61 65 139 143 22 34 112 100 69 147 47 125 1 79 163
Utility: 1591.432504

Airplane 1
FO: -63.945040
fast_of: -60.373501
Válida: t
157 33 111 77 66 144 68 155 146 40 118 19 3 81 97 36 114 76 154 164
Utility: 2077.200683

Airplane 2
FO: -154.759756
fast_of: -154.759756
Válida: t
158 8 86 23 101 67 10 145 88 165
Utility: 703.964708

Airplane 3
FO: -71.724567
fast_of: -40.025614
Válida: t
159 31 71 109 149 20 37 98 115 26 104 166
Utility: 785.494816

Airplane 4
FO: -45.803453
fast_of: -37.830650
Válida: t
160 52 48 130 126 9 87 56 134 41 119 25 103 17 95 18 24 102 51 96 129 167
Utility: 1988.899081

Airplane 5
FO: -232.056717
fast_of: -229.134327
Válida: t
161 54 132 42 7 85 120 6 84 32 110 168
Utility: 464.196432

Airplane 6
FO: -118.057884
fast_of: -118.057884
Válida: t
162 46 124 11 89 58 136 60 138 59 137 75 153 55 133 169
Utility: 1116.651434

