Airplane 0
FO: -37.130355
fast_of: -19.913321
Válida: t
156 15 93 39 117 73 151 0 78 75 153 17 95 69 147 20 98 47 125 26 104 76 154 163
Utility: 1572.894079

Airplane 1
FO: -32.135283
fast_of: -32.135283
Válida: t
157 52 130 46 48 126 124 13 91 61 139 41 119 54 132 71 149 24 102 164
Utility: 1676.240439

Airplane 2
FO: -46.824660
fast_of: -32.796497
Válida: t
158 7 85 40 118 42 120 6 3 84 81 1 32 110 79 165
Utility: 871.248679

Airplane 3

Airplane 4
FO: -83.658426
fast_of: -45.788277
Válida: t
160 64 16 142 94 23 101 9 87 56 65 143 134 35 113 62 140 59 137 25 103 18 51 96 74 152 129 37 19 115 97 36 114 167
Utility: 2546.296084

Airplane 5
FO: -196.924506
fast_of: -186.087350
Válida: t
161 0 78 33 111 27 105 77 66 144 68 155 146 168
Utility: 1660.930998

Airplane 6
FO: -143.924429
fast_of: -111.483473
Válida: t
162 8 86 11 89 67 10 88 145 0 78 22 55 100 133 169
Utility: 811.542620

