Airplane 0
FO: 0.000000
fast_of: 16.614599
Válida: t
156 15 93 39 117 73 151 0 56 134 41 78 34 119 112 25 103 69 7 85 147 47 125 40 118 163
Utility: 1980.698645

Airplane 1

Airplane 2

Airplane 3
FO: -63.010970
fast_of: -63.010970
Válida: t
159 11 89 58 136 60 138 59 137 17 95 71 149 20 98 1 79 166
Utility: 1582.110282

Airplane 4
FO: -164.907267
fast_of: -160.670184
Válida: t
160 64 16 46 142 94 124 73 151 61 139 22 100 167
Utility: 1012.935049

Airplane 5
FO: -26.913448
fast_of: -26.913448
Válida: t
161 8 86 23 101 9 87 53 131 33 111 54 132 24 102 74 5 152 83 6 84 76 154 168
Utility: 1790.317677

Airplane 6
FO: 0.000000
fast_of: 4.847413
Válida: t
162 48 52 126 130 67 10 88 145 65 143 75 55 153 133 27 77 105 66 144 68 146 155 19 3 81 97 32 110 45 123 169
Utility: 3101.299145

