Airplane 0
FO: 0.000000
fast_of: 20.766326
Válida: t
156 15 93 39 117 73 151 0 41 78 34 119 112 55 133 69 147 47 125 74 152 163
Utility: 1539.473794

Airplane 1
FO: -133.733050
fast_of: -133.733050
Válida: t
157 13 91 61 139 22 100 71 149 40 118 6 84 76 154 164
Utility: 1112.533977

Airplane 2
FO: -125.235865
fast_of: -125.235865
Válida: t
158 42 120 20 98 32 26 110 104 165
Utility: 658.068257

Airplane 3
FO: -0.000000
fast_of: 8.161907
Válida: t
159 8 86 11 89 67 30 108 10 145 88 59 137 25 103 166
Utility: 1040.297619

Airplane 4
FO: -0.000000
fast_of: 20.872303
Válida: t
160 64 16 46 142 94 124 23 101 58 136 53 131 25 103 54 132 24 102 37 19 115 97 167
Utility: 1814.640632

Airplane 5

Airplane 6
FO: 0.000000
fast_of: 69.329524
Válida: t
162 48 52 126 130 9 87 56 65 134 143 75 153 17 95 27 77 105 66 144 68 146 155 1 79 45 123 169
Utility: 2969.348912

