Airplane 0
FO: 0.000000
fast_of: 33.251204
Válida: t
156 15 93 39 117 73 151 0 56 134 41 78 34 119 112 25 103 69 147 77 155 47 125 163
Utility: 2363.878024

Airplane 1
FO: -125.147584
fast_of: -121.017627
Válida: t
157 42 24 102 120 19 3 81 97 36 114 76 154 164
Utility: 992.669568

Airplane 2

Airplane 3
FO: -142.106273
fast_of: -142.106273
Válida: t
159 8 86 23 101 58 136 59 137 75 153 55 49 127 133 27 54 132 105 20 98 26 104 166
Utility: 2176.476629

Airplane 4
FO: -272.780525
fast_of: -254.515607
Válida: t
160 64 46 142 48 126 67 124 61 145 139 0 65 143 78 167
Utility: 1377.763187

Airplane 5
FO: -28.491394
fast_of: -28.491394
Válida: t
161 51 129 74 5 152 83 40 118 37 6 115 84 168
Utility: 633.514606

Airplane 6
FO: -8.752065
fast_of: -8.752065
Válida: t
162 11 89 9 87 53 131 22 100 44 122 31 71 109 149 66 144 68 146 1 79 169
Utility: 1340.030926

