Airplane 0
FO: -101.313019
fast_of: -66.282842
Válida: t
156 15 93 39 117 73 151 60 138 56 134 41 22 119 100 69 147 37 20 115 98 76 154 163
Utility: 2218.924061

Airplane 1
FO: -195.600831
fast_of: -195.600831
Válida: t
157 54 132 71 7 149 74 152 85 68 146 6 84 164
Utility: 573.881516

Airplane 2
FO: -158.498124
fast_of: -158.498124
Válida: t
158 40 118 42 120 3 81 1 79 45 123 165
Utility: 328.734852

Airplane 3
FO: -235.778527
fast_of: -235.778527
Válida: t
159 34 112 25 103 27 105 24 102 31 109 166
Utility: 981.027873

Airplane 4
FO: -73.015143
fast_of: -73.015143
Válida: t
160 52 130 46 124 9 87 167
Utility: 440.734781

Airplane 5
FO: -54.830095
fast_of: -51.226004
Válida: t
161 23 101 61 139 59 137 33 111 77 66 144 155 26 104 36 114 32 110 168
Utility: 2243.692071

Airplane 6
FO: -183.793103
fast_of: 9.430531
Válida: t
162 48 16 67 126 94 145 58 136 0 78 75 153 35 113 62 140 55 133 54 51 18 132 96 129 19 97 169
Utility: 1791.798553

