Airplane 0
FO: 0.000000
fast_of: 156.944836
Válida: t
156 8 86 39 117 73 151 0 41 78 119 25 103 69 7 85 147 47 125 1 79 76 154 163
Utility: 1930.780179

Airplane 1
FO: -135.436243
fast_of: -129.549738
Válida: t
157 27 24 102 77 105 155 19 3 81 97 26 104 36 114 164
Utility: 1874.802530

Airplane 2

Airplane 3
FO: 0.000000
fast_of: 0.000000
Válida: t
159 23 101 9 87 65 143 75 153 17 95 18 42 31 96 109 120 20 98 32 110 166
Utility: 1827.922299

Airplane 4
FO: -112.601486
fast_of: -112.601486
Válida: t
160 64 16 46 142 94 67 124 61 145 139 22 34 112 100 71 149 40 118 6 84 167
Utility: 2074.283461

Airplane 5
FO: -235.962532
fast_of: -215.049709
Válida: t
161 33 111 51 129 74 37 152 115 168
Utility: 353.956060

Airplane 6
FO: -134.535992
fast_of: -94.664286
Válida: t
162 11 48 126 89 58 136 35 113 62 140 59 137 55 133 54 132 169
Utility: 924.796487

