Airplane 0
FO: 0.000000
fast_of: 17.206414
Válida: t
156 15 93 39 117 73 151 13 91 61 139 41 22 100 34 119 112 163
Utility: 1341.250095

Airplane 1
FO: -168.644736
fast_of: -168.644736
Válida: t
157 33 111 27 105 20 98 1 79 164
Utility: 1135.658961

Airplane 2

Airplane 3
FO: -7.296234
fast_of: 64.417151
Válida: t
159 8 11 86 48 126 89 67 10 145 88 60 138 0 78 75 153 35 113 55 133 54 132 24 102 51 129 74 152 19 97 32 110 76 154 166
Utility: 2581.828486

Airplane 4
FO: -104.147745
fast_of: 26.921512
Válida: t
160 52 130 9 87 65 59 143 137 25 103 17 95 71 31 109 149 37 26 115 104 36 114 167
Utility: 1689.931601

Airplane 5
FO: -184.695017
fast_of: -174.656703
Válida: t
161 77 66 144 68 155 146 40 118 6 3 84 81 168
Utility: 1346.338514

Airplane 6
FO: -93.217787
fast_of: -85.860683
Válida: t
162 46 16 124 94 23 101 58 136 53 131 56 134 169
Utility: 1482.711787

