Airplane 0
FO: -24.194138
fast_of: -8.757090
Válida: t
156 15 93 39 117 73 151 0 56 134 41 78 34 119 112 25 103 163
Utility: 1663.480031

Airplane 1
FO: -118.302133
fast_of: -114.119210
Válida: t
157 66 77 144 68 155 146 37 26 115 104 36 114 164
Utility: 1266.183701

Airplane 2
FO: -121.291869
fast_of: -101.475996
Válida: t
158 55 22 100 133 18 7 96 85 40 118 42 120 19 97 1 79 165
Utility: 1196.637011

Airplane 3
FO: -125.452589
fast_of: -125.452589
Válida: t
159 72 150 54 132 31 109 20 98 76 154 166
Utility: 757.749427

Airplane 4
FO: -186.067736
fast_of: -186.067736
Válida: t
160 64 48 142 46 126 67 124 145 61 139 53 131 33 111 71 69 149 147 167
Utility: 1565.333351

Airplane 5
FO: -0.000000
fast_of: 1.071724
Válida: t
161 17 95 27 105 24 102 51 129 74 5 152 83 47 125 3 6 84 81 32 110 168
Utility: 1539.296344

Airplane 6
FO: 0.000000
fast_of: 0.000000
Válida: t
162 16 94 23 101 9 87 58 136 35 113 62 140 59 137 75 153 169
Utility: 1216.040772

