Airplane 0
FO: -49.596139
fast_of: 102.874896
Válida: t
156 15 93 39 117 73 151 60 138 0 41 78 119 17 95 69 147 77 20 155 98 76 154 163
Utility: 2427.811797

Airplane 1
FO: -144.105239
fast_of: -140.692323
Válida: t
157 46 16 94 124 58 136 59 137 34 25 112 103 54 132 68 7 85 146 26 104 164
Utility: 1791.614610

Airplane 2
FO: -187.047876
fast_of: -187.047876
Válida: t
158 27 105 24 18 96 37 102 115 1 79 165
Utility: 962.542673

Airplane 3
FO: -202.247352
fast_of: -202.247352
Válida: t
159 23 101 67 30 108 10 88 145 56 134 22 100 21 99 55 72 150 133 166
Utility: 1354.810144

Airplane 4
FO: -5.678212
fast_of: -1.391184
Válida: t
160 52 48 130 126 9 87 61 139 65 143 75 153 33 111 51 129 42 31 109 120 19 97 36 114 167
Utility: 1838.469648

Airplane 5
FO: -165.210788
fast_of: -165.210788
Válida: t
161 71 149 74 5 152 83 6 3 84 81 168
Utility: 377.861774

Airplane 6

