Airplane 0

Airplane 1
FO: 0.000000
fast_of: 30.077600
Válida: t
157 52 130 39 117 58 136 53 131 56 134 75 153 27 77 105 66 144 68 155 146 1 79 3 81 36 114 164
Utility: 2168.056460

Airplane 2
FO: -92.478555
fast_of: -92.478555
Válida: t
158 40 118 42 120 20 98 76 154 165
Utility: 786.339295

Airplane 3
FO: -235.907652
fast_of: -204.467472
Válida: t
159 8 86 11 89 30 108 0 78 34 112 17 95 27 54 132 105 166
Utility: 1236.322032

Airplane 4
FO: -105.813723
fast_of: -75.495671
Válida: t
160 64 16 142 48 126 15 93 94 9 87 61 139 59 137 25 103 27 105 24 102 69 147 19 97 167
Utility: 1720.871220

Airplane 5
FO: -90.327648
fast_of: -90.327648
Válida: t
161 33 111 51 129 74 5 152 83 37 115 32 110 168
Utility: 586.807389

Airplane 6
FO: -120.926120
fast_of: -56.749766
Válida: t
162 46 124 23 67 101 10 88 145 65 41 143 119 71 31 149 109 6 84 26 104 169
Utility: 2245.595178

