Airplane 0
FO: -134.835505
fast_of: -9.528160
Válida: t
156 15 93 39 117 73 151 0 78 34 112 25 103 17 95 163
Utility: 728.806507

Airplane 1
FO: -144.995895
fast_of: -144.995895
Válida: t
157 48 16 126 94 11 89 58 136 59 137 164
Utility: 921.027026

Airplane 2
FO: -34.854694
fast_of: -17.530591
Válida: t
158 23 101 9 87 56 0 134 78 2 80 55 133 18 7 85 96 42 120 20 98 26 104 165
Utility: 1889.030896

Airplane 3
FO: -239.878216
fast_of: -239.878216
Válida: t
159 41 119 71 149 54 132 24 37 102 115 6 84 76 154 166
Utility: 1401.131090

Airplane 4
FO: -92.207742
fast_of: -73.802313
Válida: t
160 52 130 67 13 91 61 145 139 22 100 69 51 129 147 167
Utility: 1167.373476

Airplane 5
FO: -66.640361
fast_of: -60.841847
Válida: t
161 31 109 74 5 152 83 40 118 3 81 36 114 32 110 168
Utility: 475.178798

Airplane 6
FO: -36.235564
fast_of: -18.322450
Válida: t
162 60 138 65 143 75 153 35 113 62 140 33 111 27 77 105 66 144 68 146 155 19 97 1 79 169
Utility: 2608.348971

