Airplane 0
FO: -5.372575
fast_of: 14.918468
Válida: t
156 15 93 39 117 73 151 0 65 143 78 34 112 25 103 69 147 68 146 47 125 163
Utility: 1426.463270

Airplane 1
FO: -97.351647
fast_of: -97.351647
Válida: t
157 55 133 17 95 27 77 105 18 96 155 1 79 26 104 164
Utility: 1858.842282

Airplane 2
FO: -173.333345
fast_of: -173.333345
Válida: t
158 51 129 42 120 20 98 165
Utility: 433.140053

Airplane 3
FO: -234.895736
fast_of: -227.884434
Válida: t
159 52 67 130 145 56 22 134 100 71 149 37 6 84 115 76 154 166
Utility: 1719.725384

Airplane 4
FO: -64.353363
fast_of: -64.353363
Válida: t
160 64 142 11 89 9 87 61 139 41 119 167
Utility: 798.115961

Airplane 5
FO: -106.020492
fast_of: -102.031260
Válida: t
161 31 24 102 109 19 97 32 110 168
Utility: 682.715081

Airplane 6
FO: 0.000000
fast_of: 0.000000
Válida: t
162 48 46 126 124 23 101 10 88 60 138 59 137 75 153 33 111 7 85 40 118 169
Utility: 1654.876788

