Airplane 0
FO: -210.904319
fast_of: -155.450662
Válida: t
156 15 93 39 117 73 151 60 138 0 78 22 100 17 95 163
Utility: 541.072399

Airplane 1
FO: 0.000000
fast_of: 4.754621
Válida: t
157 77 66 144 68 155 146 19 3 81 97 26 104 36 114 164
Utility: 1611.350360

Airplane 2

Airplane 3
FO: -139.131007
fast_of: -7.100517
Válida: t
159 52 130 46 67 124 61 145 139 59 25 137 103 24 102 20 98 76 154 166
Utility: 2292.880090

Airplane 4
FO: -119.866100
fast_of: -74.424385
Válida: t
160 64 16 142 94 11 89 9 87 53 131 34 112 17 95 69 7 85 147 167
Utility: 1224.840745

Airplane 5
FO: -111.930872
fast_of: -107.218872
Válida: t
161 55 133 51 5 129 83 37 6 84 115 32 110 168
Utility: 705.829250

Airplane 6
FO: -75.848453
fast_of: -74.598255
Válida: t
162 8 86 23 101 10 88 56 65 134 143 75 153 41 119 27 31 105 109 1 79 45 123 169
Utility: 2199.581472

