Airplane 0
FO: -94.561231
fast_of: -75.469628
Válida: t
156 39 117 73 151 0 56 78 134 33 111 25 103 69 147 7 31 85 109 163
Utility: 1472.106722

Airplane 1
FO: -27.429703
fast_of: -27.429703
Válida: t
157 52 48 130 126 67 13 91 61 145 139 35 113 59 137 17 95 164
Utility: 1303.469192

Airplane 2
FO: -251.093056
fast_of: -251.093056
Válida: t
158 40 118 26 104 165
Utility: 77.999081

Airplane 3
FO: -247.791334
fast_of: -247.791334
Válida: t
159 41 22 100 119 54 132 77 68 155 146 166
Utility: 1335.943685

Airplane 4
FO: -193.492195
fast_of: -140.762533
Válida: t
160 8 86 11 89 9 87 53 131 34 112 55 133 18 96 19 97 167
Utility: 1247.362375

Airplane 5
FO: -22.305160
fast_of: 8.746026
Válida: t
161 27 105 24 102 51 74 5 152 83 129 47 125 1 79 6 84 32 110 168
Utility: 1488.603674

Airplane 6
FO: -20.941737
fast_of: 30.894091
Válida: t
162 46 16 124 94 23 101 58 136 60 138 65 143 75 55 153 133 71 149 20 98 76 154 45 123 169
Utility: 2275.866567

