Airplane 0
FO: 0.000000
fast_of: 30.720276
Válida: t
156 15 93 46 124 73 151 0 56 134 41 78 34 119 112 25 103 69 7 85 147 4 82 47 125 163
Utility: 2201.017038

Airplane 1
FO: -59.440649
fast_of: -59.440649
Válida: t
157 11 89 58 136 65 143 75 153 22 100 71 31 149 109 20 98 164
Utility: 1392.087000

Airplane 2

Airplane 3
FO: -182.718589
fast_of: -182.718589
Válida: t
159 55 133 18 24 102 74 96 152 1 79 166
Utility: 673.870920

Airplane 4
FO: -60.505259
fast_of: -53.587638
Válida: t
160 52 48 130 126 9 87 61 139 35 113 33 111 51 129 37 19 50 128 115 97 167
Utility: 1446.527747

Airplane 5

Airplane 6
FO: 0.000000
fast_of: 129.686559
Válida: t
162 16 94 23 101 67 10 88 145 60 138 59 137 17 95 27 77 105 66 144 68 155 146 40 118 6 84 36 114 169
Utility: 3437.418839

