Airplane 0
FO: -76.947143
fast_of: -63.474805
Válida: t
156 15 93 39 117 73 151 0 78 35 113 59 137 34 112 25 103 69 147 40 118 163
Utility: 1474.307328

Airplane 1
FO: -135.016306
fast_of: -130.525927
Válida: t
157 71 149 66 77 144 68 155 146 1 79 6 84 36 114 164
Utility: 1660.718421

Airplane 2

Airplane 3
FO: -107.343656
fast_of: -104.957037
Válida: t
159 23 101 9 87 56 134 55 49 127 72 150 133 54 132 42 19 120 3 97 81 166
Utility: 1596.467283

Airplane 4
FO: -68.863896
fast_of: -68.863896
Válida: t
160 52 130 11 89 61 139 41 119 167
Utility: 841.142863

Airplane 5
FO: -145.860100
fast_of: -142.254934
Válida: t
161 53 131 65 143 33 111 27 105 24 102 51 129 74 5 152 83 37 115 168
Utility: 1433.759629

Airplane 6
FO: -151.189043
fast_of: -118.182218
Válida: t
162 48 46 16 126 67 94 124 145 65 143 22 100 75 153 17 95 18 31 96 109 20 98 32 110 76 154 169
Utility: 2458.027586

