Airplane 0
FO: -29.088057
fast_of: -16.912544
Válida: t
156 15 93 39 117 73 151 0 78 34 112 75 153 17 95 69 147 4 82 47 125 1 79 163
Utility: 1385.090907

Airplane 1
FO: -178.164700
fast_of: -176.180946
Válida: t
157 33 111 27 77 105 66 144 68 155 146 19 97 164
Utility: 1838.277682

Airplane 2
FO: -260.899355
fast_of: -232.656377
Válida: t
158 25 103 24 42 120 102 165
Utility: 284.241746

Airplane 3
FO: -68.711759
fast_of: -68.711759
Válida: t
159 8 86 11 89 67 30 108 145 56 134 55 49 127 133 18 7 96 85 74 152 40 118 6 84 76 154 166
Utility: 2087.335695

Airplane 4
FO: -84.132978
fast_of: -72.854007
Válida: t
160 52 48 130 126 9 87 58 136 60 138 53 131 65 143 41 119 167
Utility: 1132.356927

Airplane 5

Airplane 6
FO: -0.000000
fast_of: 5.346970
Válida: t
162 46 16 124 94 23 101 61 139 2 80 22 100 44 122 31 71 149 109 20 98 32 110 36 114 169
Utility: 2361.724757

