Airplane 0
FO: -92.207176
fast_of: -92.207176
Válida: t
156 31 18 96 109 37 6 115 84 76 154 163
Utility: 757.981526

Airplane 1
FO: -231.784599
fast_of: -226.169623
Válida: t
157 39 117 0 78 22 100 17 95 27 105 20 98 164
Utility: 1327.309303

Airplane 2
FO: -45.392843
fast_of: -15.933908
Válida: t
158 51 7 85 129 40 118 42 120 19 26 104 97 36 114 165
Utility: 781.174944

Airplane 3
FO: -145.531695
fast_of: -27.187850
Válida: t
159 52 130 46 67 124 73 151 145 61 139 59 25 137 103 54 132 24 102 166
Utility: 1679.298867

Airplane 4
FO: -131.096900
fast_of: -118.217053
Válida: t
160 64 16 142 48 94 15 93 126 9 87 56 134 41 119 34 112 25 103 71 69 149 147 167
Utility: 2066.408918

Airplane 5
FO: -169.512225
fast_of: -161.988444
Válida: t
161 74 5 152 83 47 125 3 81 32 110 168
Utility: 199.824413

Airplane 6
FO: -47.389274
fast_of: -11.736176
Válida: t
162 8 86 23 101 10 88 60 138 53 131 65 143 75 153 35 113 62 140 33 111 77 66 144 68 146 155 1 79 169
Utility: 2430.133733

