Airplane 0
FO: -0.000000
fast_of: 40.968447
Válida: t
156 15 93 39 117 73 151 60 138 22 34 100 112 25 103 69 147 47 125 163
Utility: 885.033249

Airplane 1
FO: -0.000000
fast_of: -0.000000
Válida: t
157 31 7 85 109 19 3 81 97 1 79 164
Utility: 785.911419

Airplane 2
FO: -212.126311
fast_of: -122.483511
Válida: t
158 33 111 77 66 144 68 155 146 40 118 165
Utility: 1145.241711

Airplane 3

Airplane 4
FO: -164.910172
fast_of: -125.002603
Válida: t
160 52 48 130 126 9 87 53 131 65 143 75 153 17 95 167
Utility: 796.536591

Airplane 5
FO: -118.894112
fast_of: 335.207426
Válida: t
161 64 16 46 142 94 124 23 101 58 136 0 65 78 143 25 103 27 105 24 102 42 18 96 120 6 26 104 84 32 110 168
Utility: 2671.679424

Airplane 6
FO: -39.348379
fast_of: 12.043190
Válida: t
162 8 86 11 89 67 10 88 145 65 143 41 35 113 62 140 59 137 119 71 149 20 98 76 154 45 123 169
Utility: 2219.015089

