Airplane 0
FO: -7.182311
fast_of: 5.852846
Válida: t
156 15 93 39 117 73 151 0 56 134 41 78 34 119 112 17 95 27 105 20 98 1 79 163
Utility: 2749.859842

Airplane 1
FO: -103.362244
fast_of: -103.362244
Válida: t
157 24 102 77 66 144 68 155 146 164
Utility: 1104.917127

Airplane 2
FO: -188.261758
fast_of: -188.261758
Válida: t
158 23 101 165
Utility: 212.622736

Airplane 3
FO: 0.000000
fast_of: 0.000000
Válida: t
159 8 86 11 89 9 87 58 136 60 138 166
Utility: 487.029092

Airplane 4
FO: -151.576308
fast_of: -132.502350
Válida: t
160 64 16 46 142 94 124 61 139 59 137 25 103 69 51 129 147 167
Utility: 1508.964819

Airplane 5
FO: -106.974204
fast_of: -106.974204
Válida: t
161 54 132 18 96 74 5 152 83 40 118 42 19 120 97 32 110 168
Utility: 906.076660

Airplane 6
FO: 0.000000
fast_of: 9.983684
Válida: t
162 48 52 126 130 67 10 88 145 65 143 75 153 2 80 22 100 71 31 109 149 37 6 115 26 84 104 76 154 169
Utility: 2259.846184

