Airplane 0
FO: -49.691088
fast_of: -36.513241
Válida: t
156 15 93 39 117 73 151 58 136 59 41 137 34 119 112 25 103 54 132 163
Utility: 1547.876694

Airplane 1
FO: -101.751803
fast_of: -101.751803
Válida: t
157 11 89 67 61 139 145 56 134 164
Utility: 1029.632527

Airplane 2
FO: -133.874088
fast_of: -129.609658
Válida: t
158 40 118 6 84 26 104 36 114 165
Utility: 455.703333

Airplane 3
FO: -204.601153
fast_of: -204.601153
Válida: t
159 55 133 71 149 42 120 37 1 115 79 166
Utility: 563.557871

Airplane 4
FO: -116.683740
fast_of: -104.546621
Válida: t
160 52 130 16 9 94 87 0 78 22 100 17 95 18 24 102 69 96 147 167
Utility: 1507.327905

Airplane 5
FO: 0.000000
fast_of: 10.678453
Válida: t
161 53 131 35 113 62 140 33 111 51 7 85 129 74 5 152 83 47 125 19 3 81 97 32 110 168
Utility: 1163.406967

Airplane 6
FO: -128.531669
fast_of: -104.470868
Válida: t
162 46 124 23 30 101 108 65 143 75 153 27 77 105 66 144 68 146 155 20 98 76 154 169
Utility: 3105.431144

