Airplane 0
FO: -121.898631
fast_of: -93.263015
Válida: t
156 15 93 46 124 73 151 0 56 134 41 78 34 119 112 25 103 27 105 24 102 47 125 163
Utility: 2541.392052

Airplane 1

Airplane 2
FO: -34.797245
fast_of: -34.797245
Válida: t
158 69 7 85 147 40 118 42 120 20 98 32 110 165
Utility: 932.411093

Airplane 3
FO: -97.112661
fast_of: -97.112661
Válida: t
159 49 75 153 127 72 150 54 132 77 31 155 37 109 115 26 104 76 154 166
Utility: 1471.747486

Airplane 4
FO: -165.578065
fast_of: -134.742671
Válida: t
160 64 142 48 126 23 101 9 87 58 136 59 137 22 55 133 100 167
Utility: 1117.577736

Airplane 5
FO: -159.876634
fast_of: -152.818829
Válida: t
161 51 74 129 152 1 79 6 3 84 81 168
Utility: 664.534982

Airplane 6
FO: -0.000000
fast_of: 3.640936
Válida: t
162 11 89 67 61 139 145 10 88 65 143 35 113 62 140 33 111 71 149 66 144 68 146 19 97 36 114 169
Utility: 2120.647734

