Airplane 0
FO: -11.262223
fast_of: 23.324332
Válida: t
156 8 86 39 117 73 151 60 138 0 41 78 22 100 119 25 103 163
Utility: 1050.570611

Airplane 1
FO: -140.720842
fast_of: -140.720842
Válida: t
157 18 7 96 85 74 152 1 79 164
Utility: 350.321563

Airplane 2
FO: 0.000000
fast_of: 0.000000
Válida: t
158 40 118 31 42 109 120 20 98 26 104 76 154 165
Utility: 1114.690807

Airplane 3
FO: -325.604721
fast_of: -309.992827
Válida: t
159 11 89 67 145 0 78 34 112 55 133 166
Utility: 952.559681

Airplane 4
FO: -56.654171
fast_of: -36.797614
Válida: t
160 64 16 46 142 94 124 61 139 59 137 35 113 17 95 69 51 129 147 68 146 167
Utility: 1634.584231

Airplane 5
FO: 0.000000
fast_of: 180.989793
Válida: t
161 23 101 9 87 58 136 53 131 33 111 54 132 24 102 37 19 115 97 36 114 168
Utility: 1723.559647

Airplane 6
FO: -315.711053
fast_of: -310.010212
Válida: t
162 10 88 56 65 134 143 75 153 27 77 105 71 149 155 6 84 45 123 169
Utility: 1993.677704

