Airplane 0
FO: -172.217317
fast_of: -115.161458
Válida: t
156 8 86 39 117 9 87 58 56 136 0 78 134 163
Utility: 776.749547

Airplane 1
FO: 0.000000
fast_of: 3.972352
Válida: t
157 33 111 51 129 19 3 81 97 36 114 164
Utility: 735.594284

Airplane 2
FO: -40.185299
fast_of: -40.185299
Válida: t
158 18 7 96 85 42 120 20 98 26 104 1 79 165
Utility: 987.979288

Airplane 3
FO: -243.908181
fast_of: -217.795125
Válida: t
159 41 119 34 112 25 103 27 54 132 24 105 102 166
Utility: 1455.424966

Airplane 4
FO: 0.000000
fast_of: 0.000000
Válida: t
160 52 130 16 94 73 151 61 139 35 113 59 137 22 100 69 147 167
Utility: 1342.647860

Airplane 5
FO: -236.803389
fast_of: -193.603185
Válida: t
161 31 37 109 115 32 110 168
Utility: 224.243890

Airplane 6
FO: 0.000000
fast_of: 0.000000
Válida: t
162 48 46 126 124 23 101 10 88 53 131 65 143 75 153 55 133 17 95 71 77 149 66 144 68 155 146 6 84 76 154 45 123 169
Utility: 3339.367361

