Airplane 0
FO: -21.483292
fast_of: 107.399016
Válida: t
156 15 93 39 117 73 151 60 138 56 65 134 41 143 22 100 119 25 103 18 24 102 7 96 85 74 152 47 125 6 84 76 154 163
Utility: 2802.002118

Airplane 1

Airplane 2
FO: -140.135356
fast_of: -140.135356
Válida: t
158 40 118 19 97 1 79 165
Utility: 586.740248

Airplane 3
FO: 0.000000
fast_of: 4.050906
Válida: t
159 49 127 17 95 27 54 132 105 42 31 37 120 109 115 26 104 36 114 166
Utility: 1121.425766

Airplane 4
FO: -176.812757
fast_of: -176.812757
Válida: t
160 52 130 9 87 61 139 35 113 59 137 34 112 167
Utility: 908.713226

Airplane 5
FO: -0.000000
fast_of: -0.000000
Válida: t
161 64 16 46 142 94 124 23 101 58 136 53 131 33 111 77 66 144 68 155 146 3 81 168
Utility: 2456.942111

Airplane 6
FO: 0.000000
fast_of: 0.000000
Válida: t
162 8 86 11 89 67 10 88 145 0 78 75 153 55 133 71 149 20 98 32 110 45 123 169
Utility: 1766.914089

