Airplane 0
FO: -99.022280
fast_of: -38.717076
Válida: t
156 15 93 39 117 73 151 60 138 53 131 25 103 71 7 85 149 20 3 98 81 36 114 163
Utility: 1208.763665

Airplane 1
FO: -154.242649
fast_of: -131.567224
Válida: t
157 18 96 51 129 40 118 3 26 81 104 164
Utility: 533.585848

Airplane 2

Airplane 3
FO: -20.906952
fast_of: -14.864875
Válida: t
159 23 101 67 30 108 10 88 145 56 65 134 143 33 111 54 132 77 66 144 68 155 1 146 79 6 84 32 110 166
Utility: 3338.814157

Airplane 4
FO: -140.970321
fast_of: -130.249117
Válida: t
160 64 46 142 48 124 9 126 87 61 139 59 137 17 95 69 147 19 97 76 154 167
Utility: 2033.004933

Airplane 5
FO: -184.862692
fast_of: -168.768050
Válida: t
161 0 41 78 119 27 105 24 37 102 74 152 115 168
Utility: 1284.343658

Airplane 6
FO: -151.016741
fast_of: -151.016741
Válida: t
162 16 94 11 89 58 136 34 112 75 153 55 133 169
Utility: 875.631024

