Airplane 0
FO: -17.249470
fast_of: 8.083436
Válida: t
156 52 130 16 46 94 124 73 151 0 65 143 78 22 55 100 133 7 4 82 85 163
Utility: 1544.398827

Airplane 1
FO: -230.173763
fast_of: -201.897971
Válida: t
157 59 137 25 103 24 102 69 147 47 125 36 114 164
Utility: 609.586269

Airplane 2
FO: -71.344273
fast_of: -71.344273
Válida: t
158 40 118 42 120 20 98 32 110 165
Utility: 655.323751

Airplane 3
FO: -75.405049
fast_of: -54.377544
Válida: t
159 11 89 67 61 145 139 35 113 33 111 54 132 71 31 109 149 166
Utility: 1333.859692

Airplane 4
FO: -176.347168
fast_of: -152.916815
Válida: t
160 64 142 48 126 23 101 9 87 56 134 25 103 18 96 19 50 128 97 167
Utility: 1603.001683

Airplane 5
FO: -111.958300
fast_of: -111.958300
Válida: t
161 51 129 74 5 152 83 6 3 84 81 76 154 168
Utility: 738.167797

Airplane 6
FO: -83.112050
fast_of: -83.112050
Válida: t
162 10 88 41 119 34 112 75 153 17 95 27 77 105 66 144 68 146 155 1 79 45 123 169
Utility: 2539.669690

