Airplane 0
FO: -148.300352
fast_of: -78.428785
Válida: t
156 15 93 39 117 73 151 0 56 134 41 78 34 119 112 25 103 69 147 77 155 47 125 163
Utility: 2353.896024

Airplane 1
FO: -50.258678
fast_of: -40.762207
Válida: t
157 52 130 9 87 65 143 33 111 27 105 7 85 19 3 81 97 164
Utility: 1396.943256

Airplane 2
FO: -111.232380
fast_of: -111.232380
Válida: t
158 31 71 149 42 109 120 20 98 32 110 165
Utility: 738.730976

Airplane 3
FO: -228.807597
fast_of: -177.445633
Válida: t
159 49 127 17 95 25 103 54 132 24 37 102 115 166
Utility: 648.004428

Airplane 4
FO: -56.293432
fast_of: -56.293432
Válida: t
160 64 16 46 142 94 124 23 101 61 139 167
Utility: 1113.819910

Airplane 5
FO: -140.483117
fast_of: -115.730833
Válida: t
161 51 129 74 5 152 83 40 118 6 84 76 154 168
Utility: 795.720128

Airplane 6
FO: 0.000000
fast_of: 11.000585
Válida: t
162 8 86 11 89 67 10 88 145 60 138 2 80 22 55 100 133 18 96 66 144 68 146 1 79 169
Utility: 1673.045664

