Airplane 0
FO: -17.338972
fast_of: 5.014610
Válida: t
156 15 93 39 117 73 151 60 138 0 56 78 75 134 153 17 95 69 31 147 109 47 125 26 32 104 110 163
Utility: 1544.901152

Airplane 1
FO: -226.984374
fast_of: -198.665393
Válida: t
157 71 27 149 77 105 68 155 146 1 79 164
Utility: 1514.286298

Airplane 2
FO: -117.704977
fast_of: -114.835190
Válida: t
158 40 118 42 120 20 98 26 104 76 154 165
Utility: 998.234042

Airplane 3
FO: -12.991248
fast_of: 29.004161
Válida: t
159 52 130 46 48 126 124 61 139 41 55 119 133 54 132 18 7 96 85 66 144 166
Utility: 1767.315124

Airplane 4
FO: -142.147813
fast_of: -100.602622
Válida: t
160 64 16 142 94 11 89 9 87 58 136 65 143 22 34 112 100 71 149 37 19 115 97 167
Utility: 1693.653132

Airplane 5
FO: -119.848558
fast_of: -0.088738
Válida: t
161 53 131 33 111 25 103 24 102 51 129 74 5 152 83 6 26 84 104 168
Utility: 1048.277994

Airplane 6
FO: -144.776338
fast_of: -144.776338
Válida: t
162 23 101 67 10 88 145 169
Utility: 619.785018

