Airplane 0
FO: -79.734606
fast_of: -60.665392
Válida: t
156 15 93 39 117 73 151 0 56 134 41 78 34 119 112 17 95 69 147 47 125 26 104 163
Utility: 2058.690992

Airplane 1
FO: -105.899773
fast_of: -101.364770
Válida: t
157 51 129 19 3 81 97 36 114 76 154 164
Utility: 822.556728

Airplane 2
FO: -193.883136
fast_of: -180.194418
Válida: t
158 71 149 77 66 144 155 1 32 110 79 165
Utility: 1189.310239

Airplane 3

Airplane 4
FO: -126.031312
fast_of: -126.031312
Válida: t
160 64 16 142 48 94 126 9 87 61 139 53 131 25 103 55 133 54 132 68 146 167
Utility: 1305.899135

Airplane 5
FO: 0.000000
fast_of: 47.163314
Válida: t
161 46 124 23 101 58 136 35 113 33 111 27 105 24 102 20 98 168
Utility: 2149.159987

Airplane 6
FO: -41.607310
fast_of: -41.607310
Válida: t
162 8 86 11 89 67 10 88 145 65 143 75 153 22 100 44 31 122 18 96 109 37 6 84 115 45 123 169
Utility: 1705.900475

