Airplane 0
FO: -73.336802
fast_of: -32.243203
Válida: t
156 15 93 39 117 73 151 0 65 143 41 78 34 119 112 25 103 69 147 19 97 1 79 163
Utility: 2104.890695

Airplane 1
FO: -103.287606
fast_of: -103.287606
Válida: t
157 18 96 51 129 74 152 47 125 3 81 164
Utility: 304.275151

Airplane 2
FO: -112.918497
fast_of: -112.918497
Válida: t
158 46 67 124 61 145 139 22 100 55 133 7 85 42 120 20 98 165
Utility: 1709.599558

Airplane 3
FO: -245.441622
fast_of: -220.821930
Válida: t
159 16 94 23 101 9 87 56 134 33 111 25 103 166
Utility: 1391.023097

Airplane 4

Airplane 5
FO: -83.227903
fast_of: -55.086572
Válida: t
161 60 138 59 137 75 153 27 105 77 24 102 155 6 37 115 84 36 114 76 154 168
Utility: 2248.263271

Airplane 6
FO: -0.000000
fast_of: 9.134290
Válida: t
162 8 86 11 89 58 136 35 113 53 131 75 153 17 95 71 31 109 149 66 144 68 146 169
Utility: 1245.958149

