Airplane 0
FO: -191.449264
fast_of: -153.085999
Válida: t
156 15 93 39 117 73 151 0 65 78 143 75 153 25 103 69 147 47 125 36 114 163
Utility: 463.962022

Airplane 1
FO: -98.352011
fast_of: -94.240622
Válida: t
157 18 24 102 42 31 96 109 120 19 3 81 97 32 110 76 154 164
Utility: 1342.736605

Airplane 2
FO: -67.216273
fast_of: -61.275851
Válida: t
158 52 48 130 126 9 87 56 65 134 143 34 112 33 111 51 129 7 85 165
Utility: 1527.945287

Airplane 3
FO: 0.000000
fast_of: 5.237063
Válida: t
159 8 86 11 89 67 145 13 91 61 139 41 59 137 119 54 132 66 144 68 146 6 26 104 84 166
Utility: 2263.281882

Airplane 4

Airplane 5
FO: -233.528539
fast_of: -220.039320
Válida: t
161 25 103 27 105 77 155 40 118 37 115 168
Utility: 1386.126994

Airplane 6
FO: -94.871423
fast_of: -9.022619
Válida: t
162 46 16 124 94 23 101 58 136 60 138 65 143 2 80 22 17 100 95 71 149 20 37 115 98 1 79 45 123 169
Utility: 2282.184898

