Airplane 0
FO: -13.108564
fast_of: -3.547410
Válida: t
156 15 93 39 117 73 151 0 56 134 41 78 34 119 112 25 103 69 147 77 155 47 125 163
Utility: 2353.896024

Airplane 1
FO: -222.748825
fast_of: -172.999161
Válida: t
157 65 143 22 100 17 95 18 96 51 129 19 3 81 97 164
Utility: 1155.298862

Airplane 2
FO: -169.023869
fast_of: -169.023869
Válida: t
158 40 118 20 98 32 26 110 104 165
Utility: 745.193782

Airplane 3
FO: -74.483928
fast_of: -52.337191
Válida: t
159 23 101 67 145 61 139 10 88 59 137 49 127 72 150 54 132 24 102 1 76 154 79 166
Utility: 1897.196469

Airplane 4
FO: -171.773968
fast_of: -168.791945
Válida: t
160 52 130 16 94 9 87 53 131 25 103 71 149 68 146 167
Utility: 886.162876

Airplane 5
FO: -114.723883
fast_of: -114.723883
Válida: t
161 74 5 152 83 37 6 84 115 168
Utility: 327.636996

Airplane 6
FO: -12.390810
fast_of: -12.390810
Válida: t
162 46 124 11 89 58 136 35 113 62 140 75 153 33 111 27 31 42 105 120 109 169
Utility: 1460.759416

