Airplane 0
FO: -0.000000
fast_of: 67.674477
Válida: t
156 15 93 39 117 73 151 0 65 143 41 78 34 119 112 25 103 27 105 77 66 144 68 155 146 1 3 79 6 84 81 32 110 163
Utility: 3359.856529

Airplane 1
FO: -147.143893
fast_of: -142.773442
Válida: t
157 52 130 67 61 139 145 65 143 33 111 31 109 164
Utility: 1017.110844

Airplane 2
FO: -120.709841
fast_of: -120.709841
Válida: t
158 16 94 23 101 10 88 165
Utility: 502.334239

Airplane 3

Airplane 4
FO: -154.091053
fast_of: -144.568965
Válida: t
160 64 46 142 48 124 126 9 87 56 65 134 143 22 100 69 18 96 147 40 118 19 37 115 97 167
Utility: 2090.900767

Airplane 5
FO: -91.570815
fast_of: -86.940592
Válida: t
161 51 129 74 5 152 83 47 125 36 114 76 154 168
Utility: 501.903484

Airplane 6
FO: 0.000000
fast_of: 6.207347
Válida: t
162 11 89 58 136 35 113 62 140 59 137 55 133 71 149 24 42 102 120 20 98 26 104 169
Utility: 1826.184494

