Airplane 0
FO: -159.236964
fast_of: -148.159782
Válida: t
156 15 93 39 117 73 151 0 56 134 41 78 34 112 119 69 31 147 109 163
Utility: 1694.333712

Airplane 1
FO: -226.929162
fast_of: -226.787830
Válida: t
157 70 148 27 77 105 68 155 146 164
Utility: 1045.275513

Airplane 2
FO: 0.000000
fast_of: 0.000000
Válida: t
158 46 124 23 101 58 136 53 131 35 113 33 111 7 85 40 118 42 120 20 98 32 110 76 154 165
Utility: 2251.292315

Airplane 3
FO: -157.486365
fast_of: -155.263276
Válida: t
159 55 49 127 72 150 133 54 132 18 96 12 90 19 3 81 97 1 79 166
Utility: 951.789375

Airplane 4
FO: -244.972456
fast_of: -244.972456
Válida: t
160 64 16 142 48 67 126 94 145 61 139 59 137 22 100 25 103 167
Utility: 1567.657215

Airplane 5
FO: -93.737015
fast_of: -72.495963
Válida: t
161 27 105 24 102 51 74 129 152 6 37 115 26 84 104 36 114 168
Utility: 935.269084

Airplane 6
FO: -64.825458
fast_of: -62.351458
Válida: t
162 8 86 11 89 9 87 65 143 2 80 75 153 17 95 71 149 169
Utility: 904.971982

