Airplane 0
FO: -8.769322
fast_of: 7.040059
Válida: t
156 8 86 39 117 73 151 0 65 143 41 78 75 153 34 119 112 71 149 51 129 40 118 163
Utility: 1798.187614

Airplane 1
FO: -100.687950
fast_of: -71.625744
Válida: t
157 24 102 42 77 120 19 155 47 125 97 1 79 164
Utility: 1441.264840

Airplane 2
FO: -148.543291
fast_of: -129.065695
Válida: t
158 31 7 85 74 152 109 20 98 26 104 76 154 165
Utility: 1017.600384

Airplane 3
FO: -49.575590
fast_of: -49.575590
Válida: t
159 11 89 67 30 108 10 88 145 60 138 22 100 69 147 166
Utility: 863.050093

Airplane 4
FO: -213.227677
fast_of: -188.957929
Válida: t
160 52 48 130 126 9 87 56 134 25 103 18 96 167
Utility: 946.745507

Airplane 5
FO: -95.482444
fast_of: -95.482444
Válida: t
161 68 146 6 3 84 81 32 110 168
Utility: 455.370677

Airplane 6
FO: -46.750116
fast_of: -46.750116
Válida: t
162 46 16 124 94 23 101 61 139 35 113 62 140 59 137 17 95 27 105 66 37 144 115 45 123 169
Utility: 2417.860254

