Airplane 0
FO: -3.914577
fast_of: -3.914577
Válida: t
156 52 130 16 94 11 89 58 136 163
Utility: 567.595320

Airplane 1
FO: -91.721534
fast_of: -75.017826
Válida: t
157 39 117 13 91 61 139 59 137 75 55 153 133 18 96 51 129 164
Utility: 1047.705477

Airplane 2
FO: -75.150990
fast_of: -75.150990
Válida: t
158 40 118 31 42 109 120 20 98 26 104 76 154 165
Utility: 1114.690807

Airplane 3
FO: -293.152744
fast_of: -293.152744
Válida: t
159 56 134 49 127 33 111 54 132 24 37 102 115 166
Utility: 819.404498

Airplane 4
FO: -156.023612
fast_of: -156.023612
Válida: t
160 8 86 23 101 9 87 0 65 143 78 22 34 100 112 167
Utility: 1312.212667

Airplane 5
FO: -243.723101
fast_of: -121.255702
Válida: t
161 41 119 27 105 77 74 5 152 83 155 6 84 36 114 32 110 168
Utility: 1887.572671

Airplane 6
FO: -101.441659
fast_of: -64.120818
Válida: t
162 48 46 126 67 124 73 151 145 10 88 60 138 53 131 25 103 71 149 66 144 19 3 81 97 1 79 169
Utility: 2327.455242

