Airplane 0
FO: -176.578115
fast_of: -26.359625
Válida: t
156 8 86 39 117 73 151 0 56 134 78 22 34 112 100 69 147 19 97 32 110 163
Utility: 1769.964074

Airplane 1
FO: -111.786273
fast_of: -111.786273
Válida: t
157 11 89 13 91 65 143 33 111 51 129 40 118 164
Utility: 762.797560

Airplane 2
FO: -170.139461
fast_of: -145.012680
Válida: t
158 55 133 18 24 102 96 42 120 20 98 32 26 110 104 76 154 165
Utility: 1535.351998

Airplane 3

Airplane 4
FO: -137.137962
fast_of: -137.137962
Válida: t
160 64 16 142 94 23 101 9 87 53 131 41 119 167
Utility: 1082.885524

Airplane 5
FO: -34.149929
fast_of: -24.156746
Válida: t
161 54 132 71 31 149 109 74 5 152 83 37 6 84 115 168
Utility: 727.110947

Airplane 6
FO: -43.180402
fast_of: 73.729726
Válida: t
162 48 46 126 67 124 61 145 10 88 139 59 137 75 153 17 95 27 77 105 66 144 68 146 155 1 79 169
Utility: 3372.633916

