Airplane 0
FO: -150.616371
fast_of: -128.070986
Válida: t
156 11 89 73 151 0 65 143 78 22 100 25 103 163
Utility: 972.815612

Airplane 1

Airplane 2
FO: -138.815154
fast_of: -138.815154
Válida: t
158 40 118 42 120 37 26 115 104 76 154 165
Utility: 654.860329

Airplane 3
FO: -164.382316
fast_of: -164.382316
Válida: t
159 75 153 33 111 71 149 77 66 144 155 1 79 6 84 166
Utility: 1638.678677

Airplane 4
FO: -51.752660
fast_of: -51.752660
Válida: t
160 52 130 9 87 61 139 41 59 137 34 119 112 167
Utility: 1303.707785

Airplane 5
FO: -189.292843
fast_of: -152.585533
Válida: t
161 16 46 94 124 39 117 58 136 60 138 53 131 25 103 69 51 147 129 20 98 168
Utility: 1596.138881

Airplane 6
FO: -62.595990
fast_of: -3.508253
Válida: t
162 48 126 23 101 67 145 56 134 55 17 133 95 27 105 24 102 68 19 146 97 32 110 36 114 169
Utility: 2773.357899

