Airplane 0
FO: -127.724024
fast_of: 19.116383
Válida: t
156 15 93 39 117 73 151 0 56 134 41 78 22 100 119 25 103 54 132 77 37 155 115 163
Utility: 2542.813724

Airplane 1
FO: -119.145811
fast_of: -115.122155
Válida: t
157 51 129 68 7 85 146 1 79 6 84 36 114 164
Utility: 822.520850

Airplane 2
FO: -101.059924
fast_of: -101.059924
Válida: t
158 40 118 31 109 19 97 26 104 165
Utility: 575.234122

Airplane 3

Airplane 4
FO: -55.326571
fast_of: -55.326571
Válida: t
160 52 130 46 124 9 87 58 136 53 131 34 112 17 95 69 147 167
Utility: 1253.293793

Airplane 5
FO: -106.791764
fast_of: -106.791764
Válida: t
161 64 16 142 94 11 89 61 139 59 137 33 111 24 102 74 5 152 83 47 125 3 81 76 154 32 110 168
Utility: 1984.367925

Airplane 6
FO: -34.602606
fast_of: -24.669236
Válida: t
162 48 126 23 101 67 145 65 143 75 153 55 133 71 149 27 105 66 144 20 98 45 123 169
Utility: 2402.014134

