Airplane 0
FO: -86.098426
fast_of: -83.908026
Válida: t
156 15 93 39 117 73 151 0 78 34 112 33 111 77 66 144 155 47 125 163
Utility: 1660.301160

Airplane 1
FO: -238.939612
fast_of: -235.649528
Válida: t
157 24 37 102 115 36 114 164
Utility: 243.736239

Airplane 2
FO: -48.752440
fast_of: -48.752440
Válida: t
158 25 103 27 105 69 147 40 118 42 120 20 98 26 104 76 154 165
Utility: 1822.499985

Airplane 3
FO: -33.215844
fast_of: -33.215844
Válida: t
159 23 101 9 87 59 137 55 133 54 132 166
Utility: 925.410283

Airplane 4
FO: 0.000000
fast_of: 0.000000
Válida: t
160 64 16 46 142 94 67 124 61 139 145 60 138 22 100 17 95 18 96 51 129 167
Utility: 1795.801132

Airplane 5
FO: -98.447025
fast_of: -98.447025
Válida: t
161 74 5 152 83 19 3 81 97 32 110 168
Utility: 565.275420

Airplane 6
FO: -202.665807
fast_of: -202.665807
Válida: t
162 11 89 10 88 56 65 134 41 143 119 44 122 31 71 149 109 6 84 1 79 169
Utility: 1862.110300

