Airplane 0
FO: -0.000000
fast_of: 13.515239
Válida: t
156 15 93 39 117 73 151 0 56 134 41 78 119 71 7 85 149 37 115 32 110 163
Utility: 1649.179504

Airplane 1
FO: -75.831953
fast_of: -75.831953
Válida: t
157 24 102 51 129 74 152 3 81 164
Utility: 370.319957

Airplane 2
FO: -137.093244
fast_of: -137.093244
Válida: t
158 40 118 66 144 6 84 26 104 165
Utility: 511.978884

Airplane 3
FO: 0.000000
fast_of: 103.265422
Válida: t
159 8 86 11 89 60 138 53 131 33 111 54 132 42 31 109 120 20 98 36 114 76 154 166
Utility: 1648.642609

Airplane 4
FO: -89.270360
fast_of: -89.270360
Válida: t
160 52 130 9 87 58 136 34 112 55 133 18 69 96 147 68 146 19 50 128 97 167
Utility: 1439.439647

Airplane 5

Airplane 6
FO: -17.345488
fast_of: 26.413546
Válida: t
162 46 16 67 94 124 61 145 65 143 139 35 113 59 62 140 137 25 103 27 77 105 155 1 79 45 123 169
Utility: 3184.071861

