Airplane 0
FO: -51.025244
fast_of: -18.121483
Válida: t
156 15 93 39 117 73 151 0 56 134 41 78 34 119 112 25 103 24 102 74 152 47 125 36 114 163
Utility: 2088.938075

Airplane 1
FO: -63.820609
fast_of: -63.820609
Válida: t
157 18 96 51 129 6 3 81 84 164
Utility: 471.340986

Airplane 2
FO: -60.179458
fast_of: -60.179458
Válida: t
158 40 118 42 120 37 115 32 110 165
Utility: 300.361843

Airplane 3
FO: -20.628031
fast_of: -20.628031
Válida: t
159 55 133 17 95 27 54 132 105 66 144 68 146 166
Utility: 978.189545

Airplane 4
FO: -50.834546
fast_of: -50.834546
Válida: t
160 64 46 142 48 124 126 9 87 61 139 59 137 22 100 69 147 77 155 19 50 128 97 167
Utility: 2477.681428

Airplane 5
FO: -91.416304
fast_of: -91.416304
Válida: t
161 58 136 35 113 33 111 71 149 20 98 26 104 76 154 168
Utility: 1251.440828

Airplane 6
FO: -163.066926
fast_of: -163.066926
Válida: t
162 16 94 23 101 67 10 88 145 169
Utility: 902.062594

