Airplane 0
FO: 0.000000
fast_of: 27.816485
Válida: t
156 15 93 39 117 67 145 0 78 53 131 35 113 33 111 27 105 77 24 102 42 120 37 155 4 82 47 125 115 26 104 76 154 163
Utility: 2896.533367

Airplane 1

Airplane 2
FO: -256.453674
fast_of: -256.453674
Válida: t
158 56 134 165
Utility: 140.916968

Airplane 3
FO: -30.331166
fast_of: -26.388415
Válida: t
159 8 86 11 89 9 87 65 143 22 100 17 95 69 147 66 144 166
Utility: 1190.300844

Airplane 4
FO: -213.301137
fast_of: -201.411144
Válida: t
160 52 130 16 94 73 151 61 139 41 59 137 119 71 149 20 98 167
Utility: 1897.367953

Airplane 5
FO: -143.345932
fast_of: -143.345932
Válida: t
161 74 152 3 6 84 81 32 110 168
Utility: 413.224452

Airplane 6
FO: -0.000000
fast_of: 13.005402
Válida: t
162 48 46 126 124 23 101 10 88 65 143 75 55 153 133 51 129 40 118 31 109 19 97 1 79 45 123 169
Utility: 2170.212466

