Airplane 0
FO: -100.972500
fast_of: -83.305799
Válida: t
156 15 93 39 117 73 151 0 56 134 41 78 34 119 112 25 103 71 149 51 129 68 146 47 125 163
Utility: 2158.673248

Airplane 1
FO: -104.829150
fast_of: -98.128299
Válida: t
157 33 111 27 77 105 155 6 84 36 114 164
Utility: 1449.401582

Airplane 2
FO: -243.640066
fast_of: -239.712148
Válida: t
158 24 18 102 96 42 120 165
Utility: 178.140196

Airplane 3
FO: -11.944039
fast_of: -11.944039
Válida: t
159 52 130 11 89 61 65 143 139 35 113 59 137 55 49 127 72 150 133 54 132 66 144 1 79 166
Utility: 1640.611446

Airplane 4
FO: -159.805029
fast_of: -159.805029
Válida: t
160 64 16 46 142 94 124 9 87 58 136 53 131 167
Utility: 749.658311

Airplane 5
FO: -60.451700
fast_of: -60.451700
Válida: t
161 74 5 152 83 40 118 20 98 32 110 26 104 76 154 168
Utility: 1203.121982

Airplane 6
FO: -136.061376
fast_of: -136.061376
Válida: t
162 48 126 23 101 67 10 88 145 60 138 22 100 75 153 17 95 69 147 19 97 169
Utility: 1838.800564

