Airplane 0
FO: -158.770402
fast_of: -142.495066
Válida: t
156 8 86 39 117 73 151 61 139 22 100 25 103 69 147 40 118 6 84 163
Utility: 1449.498359

Airplane 1
FO: -244.784404
fast_of: -244.784404
Válida: t
157 56 134 41 119 44 122 31 7 85 109 1 79 164
Utility: 980.203730

Airplane 2
FO: -150.116875
fast_of: -150.116875
Válida: t
158 16 94 11 89 67 145 0 78 165
Utility: 785.798097

Airplane 3

Airplane 4
FO: 0.000000
fast_of: 6.639073
Válida: t
160 52 48 130 126 9 87 58 136 60 138 59 137 17 95 71 18 149 51 96 74 152 129 167
Utility: 1476.220789

Airplane 5
FO: -29.529015
fast_of: -16.554825
Válida: t
161 42 24 102 120 19 37 115 26 104 97 32 110 168
Utility: 963.702503

Airplane 6
FO: -6.329888
fast_of: -6.329888
Válida: t
162 46 124 23 101 10 88 34 112 75 153 55 133 27 77 105 66 144 68 146 155 20 98 76 154 45 123 169
Utility: 3335.103644

