Airplane 0
FO: -178.996927
fast_of: 46.065592
Válida: t
156 15 93 39 117 73 151 0 56 134 41 78 34 119 112 25 103 69 147 77 155 47 125 163
Utility: 2353.896024

Airplane 1

Airplane 2
FO: -11.614603
fast_of: -11.614603
Válida: t
158 40 118 31 42 109 120 6 3 81 84 1 79 165
Utility: 779.450674

Airplane 3
FO: -76.251950
fast_of: -45.544972
Válida: t
159 8 86 11 89 67 145 60 138 59 17 137 95 166
Utility: 934.528992

Airplane 4
FO: -171.908182
fast_of: -114.470634
Válida: t
160 52 48 130 126 61 139 22 100 25 103 18 96 20 50 128 98 32 110 167
Utility: 1498.508834

Airplane 5
FO: -27.552149
fast_of: -27.552149
Válida: t
161 53 131 33 111 27 105 24 102 51 129 74 5 152 83 37 26 115 104 168
Utility: 1425.453657

Airplane 6
FO: -0.000000
fast_of: -0.000000
Válida: t
162 46 124 23 101 9 87 65 143 75 153 55 133 71 149 66 144 68 146 19 97 169
Utility: 2045.454985

