Airplane 0
FO: -88.243373
fast_of: -76.166862
Válida: t
156 8 86 39 117 73 151 0 78 22 34 112 100 69 147 47 125 74 152 163
Utility: 1170.507849

Airplane 1

Airplane 2
FO: -156.373260
fast_of: -150.647404
Válida: t
158 27 77 105 155 40 118 42 120 19 3 97 81 165
Utility: 1544.768251

Airplane 3
FO: -183.506399
fast_of: -70.387400
Válida: t
159 11 89 67 61 139 145 65 41 143 119 71 24 149 102 20 98 76 154 166
Utility: 2377.583867

Airplane 4
FO: -122.888980
fast_of: -122.888980
Válida: t
160 52 130 16 94 9 87 58 136 35 113 53 131 25 103 167
Utility: 743.194368

Airplane 5
FO: -228.768839
fast_of: -226.554004
Válida: t
161 56 134 33 111 51 129 37 6 84 115 26 104 36 114 168
Utility: 1229.051202

Airplane 6
FO: 0.000000
fast_of: 0.000000
Válida: t
162 48 46 126 124 23 101 10 88 59 137 17 95 18 66 96 144 68 146 1 79 169
Utility: 2056.487054

