Airplane 0
FO: -41.205546
fast_of: -8.025908
Válida: t
156 8 86 39 117 73 151 0 41 78 75 153 17 119 95 69 147 51 74 152 129 163
Utility: 1449.311748

Airplane 1
FO: -33.982178
fast_of: -30.966612
Válida: t
157 22 100 71 66 149 144 68 146 47 125 26 104 36 114 76 154 164
Utility: 1057.219461

Airplane 2
FO: -312.262160
fast_of: -312.262160
Válida: t
158 18 96 40 118 42 120 37 115 165
Utility: 202.510683

Airplane 3
FO: -97.517758
fast_of: -82.373289
Válida: t
159 11 89 67 61 139 145 65 143 33 111 27 105 24 102 20 98 19 97 166
Utility: 2548.330087

Airplane 4
FO: -11.807275
fast_of: -9.376220
Válida: t
160 52 48 130 126 9 87 58 136 53 131 35 113 59 137 34 112 167
Utility: 1026.394173

Airplane 5

Airplane 6
FO: -106.104502
fast_of: -106.104502
Válida: t
162 46 16 124 94 23 30 101 108 56 134 25 103 54 132 77 155 1 79 169
Utility: 2545.662002

