Airplane 0
156 16 94 67 145 65 143 59 137 17 95 69 147 163
Utility: 1216.228965

Airplane 1
157 77 155 47 125 1 79 26 104 36 114 164
Utility: 1069.578711

Airplane 2
158 40 118 42 120 19 97 76 154 165
Utility: 671.274849

Airplane 3
159 23 101 61 139 41 119 54 132 24 102 66 144 68 146 166
Utility: 1536.568970

Airplane 4
160 64 46 142 48 124 9 126 87 56 134 25 103 27 105 167
Utility: 1417.076198

Airplane 5
161 51 129 74 5 152 83 20 98 3 81 32 110 168
Utility: 776.220191

Airplane 6
162 10 88 0 78 75 153 22 100 44 122 31 71 149 109 6 84 169
Utility: 804.247458

