Airplane 0
156 23 101 61 139 163
Utility: 130.005658

Airplane 1
157 7 85 77 155 6 84 36 114 164
Utility: 859.420207

Airplane 2
158 16 94 11 89 13 91 61 139 34 112 33 111 54 132 51 5 83 129 40 118 42 120 20 19 37 115 98 97 32 110 165
Utility: 1468.260857

Airplane 3
159 8 86 48 67 126 30 108 145 0 56 134 41 78 22 100 119 25 103 71 149 20 98 26 104 1 79 76 154 166
Utility: 2498.566132

Airplane 4
160 64 142 46 124 9 87 53 131 25 103 69 147 167
Utility: 486.175604

Airplane 5

Airplane 6
162 59 137 55 133 27 105 66 144 68 146 169
Utility: 969.392226

