Airplane 0
156 16 94 73 151 0 41 78 34 119 112 25 103 27 105 40 4 82 118 3 81 76 154 163
Utility: 1057.759807

Airplane 1

Airplane 2

Airplane 3
159 11 89 67 30 108 145 56 134 59 137 21 99 49 127 72 150 71 149 54 132 24 102 77 155 1 79 166
Utility: 1765.435976

Airplane 4
160 64 142 48 126 9 87 53 131 22 100 69 147 68 146 19 97 167
Utility: 1064.388166

Airplane 5
161 35 113 33 111 51 129 74 152 5 83 37 115 26 104 168
Utility: 600.190453

Airplane 6
162 46 124 23 101 10 88 65 143 75 153 17 95 27 105 20 98 6 84 169
Utility: 1723.844698

