Airplane 0
156 15 93 39 117 73 151 0 56 134 41 78 119 27 105 24 102 47 125 19 97 163
Utility: 1470.541706

Airplane 1
157 11 89 67 61 139 145 0 78 33 111 77 68 146 155 26 104 164
Utility: 1836.865040

Airplane 2
158 69 147 40 118 42 120 20 98 1 79 76 154 165
Utility: 1250.358429

Airplane 3
159 22 100 17 95 166
Utility: 143.357511

Airplane 4
160 64 16 46 142 48 126 124 94 9 87 59 137 34 112 25 103 27 105 51 129 167
Utility: 1495.305615

Airplane 5
161 27 105 18 31 96 109 37 115 32 110 168
Utility: 323.602766

Airplane 6
162 23 101 30 10 88 108 0 78 75 153 55 133 71 149 27 105 66 144 6 84 45 123 169
Utility: 956.531058

