Airplane 0
156 15 93 39 117 60 138 0 78 34 112 25 103 27 105 69 147 4 82 19 97 32 110 163
Utility: 1110.147267

Airplane 1
157 33 111 51 129 6 84 26 104 164
Utility: 604.211967

Airplane 2
158 46 124 11 89 61 139 22 100 25 103 24 102 165
Utility: 696.874660

Airplane 3
159 52 48 130 16 67 126 94 145 13 91 56 53 131 59 134 137 25 103 27 54 132 71 24 105 149 102 42 31 109 120 20 37 115 98 76 154 166
Utility: 2261.489667

Airplane 4

Airplane 5
161 27 105 18 96 74 5 152 83 47 125 1 79 3 81 36 114 168
Utility: 342.282449

Airplane 6
162 23 101 10 88 65 143 75 153 55 133 27 77 105 66 144 68 146 155 169
Utility: 1723.195931

