Airplane 0
156 15 93 39 117 73 151 0 56 134 41 78 34 119 112 17 95 69 147 163
Utility: 1797.549543

Airplane 1
157 77 68 155 146 6 3 81 84 164
Utility: 1013.762460

Airplane 2
158 51 129 40 118 42 120 20 98 32 110 165
Utility: 277.712860

Airplane 3
159 33 111 54 132 12 90 37 1 115 79 166
Utility: 473.794292

Airplane 4
160 52 130 46 124 61 139 59 137 25 103 167
Utility: 1045.730610

Airplane 5
161 74 152 47 125 26 104 76 154 28 106 168
Utility: 357.580411

Airplane 6
162 23 101 67 145 65 143 75 153 2 80 22 100 71 149 27 105 24 20 102 98 19 97 169
Utility: 1988.316008

