Airplane 0
156 46 124 73 151 58 136 59 137 34 112 25 103 27 54 132 105 18 24 102 96 19 97 32 110 76 154 163
Utility: 2159.882578

Airplane 1

Airplane 2
158 0 78 22 100 55 69 133 51 129 147 40 118 6 26 104 84 1 79 165
Utility: 1372.224684

Airplane 3
159 11 89 61 139 41 119 27 71 105 149 20 98 166
Utility: 668.935959

Airplane 4
160 52 130 48 126 9 87 53 131 17 95 27 105 66 144 68 146 167
Utility: 798.713324

Airplane 5
161 74 152 5 83 12 90 37 115 3 81 168
Utility: 40.499031

Airplane 6
162 23 101 67 145 56 134 75 153 27 105 77 155 169
Utility: 1656.306195

