Airplane 0
156 16 94 67 145 0 41 78 119 25 103 24 102 163
Utility: 1420.586761

Airplane 1
157 33 111 7 85 77 155 6 84 1 79 164
Utility: 493.616784

Airplane 2
158 40 118 42 120 20 98 165
Utility: 465.217585

Airplane 3
159 23 101 61 139 59 137 34 112 71 77 149 155 166
Utility: 1083.450769

Airplane 4
160 64 46 142 48 124 126 9 87 56 134 22 100 69 147 51 129 167
Utility: 1442.796997

Airplane 5
161 74 5 152 83 37 115 26 104 76 154 32 110 168
Utility: 499.293802

Airplane 6
162 10 88 30 108 65 143 75 153 49 127 55 133 27 105 66 144 68 146 3 19 81 97 169
Utility: 943.991465

