Airplane 0
156 15 93 46 124 73 151 0 56 134 41 78 34 119 112 17 95 69 147 19 97 163
Utility: 2047.624024

Airplane 1
157 70 148 44 122 7 85 68 146 63 141 6 84 164
Utility: 216.322643

Airplane 2

Airplane 3
159 72 150 54 132 24 37 102 115 166
Utility: 268.853102

Airplane 4
160 64 16 142 48 94 126 9 87 59 137 25 103 27 105 77 155 167
Utility: 1976.143674

Airplane 5
161 74 152 47 125 26 3 81 104 32 110 168
Utility: 359.773351

Airplane 6
162 23 101 67 145 65 143 49 127 55 133 71 149 66 144 20 98 76 154 169
Utility: 1757.084863

