Airplane 0
156 16 46 94 124 61 139 59 41 137 34 119 112 163
Utility: 1668.957393

Airplane 1
157 66 68 146 144 6 84 164
Utility: 349.965406

Airplane 2

Airplane 3
159 55 133 54 132 24 102 37 115 1 79 166
Utility: 447.222973

Airplane 4
160 64 142 48 126 23 101 9 87 53 131 25 103 69 147 51 129 19 97 167
Utility: 1529.283361

Airplane 5
161 33 111 27 105 77 24 102 155 26 104 3 81 32 110 168
Utility: 1557.372090

Airplane 6
162 11 89 67 145 56 134 65 143 75 153 2 80 22 100 71 149 24 102 20 98 76 154 169
Utility: 2188.049276

