Airplane 0
156 15 93 46 124 73 151 0 56 134 41 78 34 119 112 25 103 69 147 47 125 163
Utility: 1795.130133

Airplane 1
157 33 111 27 105 51 129 19 97 76 154 164
Utility: 759.554826

Airplane 2
158 40 118 42 120 20 98 165
Utility: 465.217585

Airplane 3
159 72 150 54 132 24 102 12 90 37 115 1 79 166
Utility: 522.439828

Airplane 4
160 52 130 16 94 67 145 61 139 59 137 22 100 69 147 167
Utility: 1263.610426

Airplane 5
161 74 152 47 125 50 128 32 110 26 104 168
Utility: 186.241141

Airplane 6
162 23 101 30 108 65 143 75 153 49 127 55 133 71 149 27 77 105 66 144 155 6 84 45 123 169
Utility: 1898.117743

