Airplane 0
156 15 93 39 117 73 151 0 41 78 22 119 100 69 147 68 146 163
Utility: 592.929456

Airplane 1
157 17 34 112 95 18 96 51 129 6 84 36 114 164
Utility: 655.298299

Airplane 2
158 40 118 1 79 165
Utility: 188.867773

Airplane 3
159 46 67 124 61 139 145 56 134 41 119 54 132 71 149 20 37 115 98 76 154 166
Utility: 2157.014169

Airplane 4
160 64 142 48 126 23 101 9 87 53 131 25 103 69 147 77 155 19 97 167
Utility: 1779.568492

Airplane 5
161 24 102 47 125 26 3 81 104 32 110 168
Utility: 487.691939

Airplane 6
162 10 88 65 143 59 137 55 133 27 105 66 144 169
Utility: 536.285601

