Airplane 0

Airplane 1
157 70 148 44 122 66 144 68 146 6 3 81 84 164
Utility: 463.904182

Airplane 2
158 39 15 93 117 73 151 13 91 61 65 10 88 139 41 143 2 80 34 112 119 25 103 27 54 132 77 105 7 155 85 42 120 20 98 32 110 76 154 165
Utility: 2213.914896

Airplane 3
159 33 111 54 132 24 102 37 115 1 79 166
Utility: 334.251100

Airplane 4
160 52 48 130 126 9 87 65 59 143 137 22 100 69 147 40 118 31 109 19 50 128 97 167
Utility: 1599.721773

Airplane 5
161 64 16 46 142 94 124 23 101 58 136 53 131 17 95 21 99 54 132 24 102 74 152 5 83 47 125 168
Utility: 1321.027672

Airplane 6
162 11 89 67 10 88 145 0 56 134 78 75 55 153 133 169
Utility: 895.044705

