Airplane 0
156 15 93 39 117 73 151 61 139 22 100 17 95 163
Utility: 731.984071

Airplane 1
157 41 119 44 122 7 85 51 129 6 84 36 114 164
Utility: 422.216033

Airplane 2
158 77 155 40 118 42 120 20 98 165
Utility: 1127.126554

Airplane 3
159 67 145 56 134 33 111 54 132 24 102 71 149 37 115 1 79 76 154 166
Utility: 1910.680580

Airplane 4
160 64 16 142 94 23 101 9 87 65 143 25 103 69 147 19 97 167
Utility: 1590.717042

Airplane 5
161 74 5 152 83 47 125 26 3 104 81 168
Utility: 213.064168

Airplane 6
162 59 137 75 153 27 105 66 144 68 146 169
Utility: 430.044166

