Airplane 0
156 15 93 39 117 73 151 0 56 134 41 78 34 119 112 25 103 69 147 77 155 47 125 163
Utility: 2094.364024

Airplane 1

Airplane 2
158 40 118 42 120 20 98 165
Utility: 292.432585

Airplane 3
159 46 16 94 124 61 139 59 137 33 111 54 132 24 102 69 147 166
Utility: 1438.221326

Airplane 4
160 64 142 48 126 9 87 53 131 25 103 69 147 68 146 19 97 167
Utility: 582.439636

Airplane 5
161 74 152 40 118 37 26 115 32 104 110 168
Utility: 362.186058

Airplane 6
162 23 101 67 145 65 143 75 153 17 95 27 105 31 109 6 84 169
Utility: 1039.935901

