Airplane 0
156 15 93 39 117 73 151 0 65 143 41 78 22 100 119 25 103 54 132 69 18 7 147 4 82 96 85 74 152 3 6 84 81 36 114 76 154 163
Utility: 2039.314986

Airplane 1
157 8 86 11 89 58 136 59 137 75 153 33 111 27 77 105 155 40 118 42 120 19 3 81 97 1 79 164
Utility: 2433.345035

Airplane 2

Airplane 3

Airplane 4
160 64 16 142 48 67 126 94 145 61 139 34 112 71 149 20 98 167
Utility: 1711.012240

Airplane 5
161 27 105 24 102 51 5 129 83 37 3 26 115 104 81 32 110 168
Utility: 501.871909

Airplane 6
162 46 124 23 30 101 108 10 88 65 143 56 134 55 133 27 105 66 144 68 146 169
Utility: 934.222833

