Airplane 0
156 39 117 73 151 0 41 78 34 119 112 25 103 27 105 69 147 47 125 26 104 163
Utility: 1142.371208

Airplane 1
157 70 148 7 85 68 146 6 84 164
Utility: 246.596832

Airplane 2
158 8 86 11 89 67 145 61 139 53 131 25 103 17 95 27 105 77 24 102 155 40 118 42 120 37 115 32 110 76 154 165
Utility: 1957.305548

Airplane 3
159 56 134 49 127 72 150 54 132 12 90 19 3 81 97 1 79 166
Utility: 988.828506

Airplane 4
160 52 130 16 94 167
Utility: 198.148749

Airplane 5
161 46 124 23 101 9 87 59 137 33 111 51 129 74 5 152 83 168
Utility: 1494.820040

Airplane 6
162 65 143 75 153 55 133 71 149 66 144 20 98 45 123 169
Utility: 988.843714

