Airplane 0
156 11 89 73 151 0 78 34 112 17 95 69 147 47 125 163
Utility: 992.121220

Airplane 1

Airplane 2
158 77 155 40 118 42 120 165
Utility: 661.118381

Airplane 3
159 23 101 67 30 108 10 88 145 65 143 22 100 72 150 54 132 24 102 20 98 1 79 76 154 166
Utility: 2206.195178

Airplane 4
160 64 46 142 48 124 126 61 139 41 59 137 119 27 105 66 144 68 146 19 97 26 104 167
Utility: 2579.077443

Airplane 5
161 74 5 152 83 37 115 32 110 168
Utility: 225.838998

Airplane 6
162 56 65 134 143 75 153 70 148 44 122 31 71 149 109 6 84 45 123 169
Utility: 771.142800

