Airplane 0
156 15 93 39 117 73 151 60 138 0 65 143 78 2 80 22 34 112 100 69 147 163
Utility: 1292.390179

Airplane 1
157 66 77 144 68 155 146 164
Utility: 850.716818

Airplane 2
158 40 118 42 120 20 98 165
Utility: 465.217585

Airplane 3
159 23 101 67 30 108 145 13 91 61 10 88 139 41 119 55 49 127 72 70 148 150 133 54 132 31 71 109 149 20 19 37 115 98 97 1 79 76 154 166
Utility: 2977.691987

Airplane 4
160 64 16 142 48 94 126 9 87 59 137 25 103 18 96 167
Utility: 954.693585

Airplane 5
161 46 124 11 89 58 136 53 131 56 134 33 111 24 102 168
Utility: 1010.307285

Airplane 6
162 35 113 62 140 75 153 17 95 27 105 51 129 6 84 26 104 45 123 169
Utility: 330.914507

