Airplane 0
156 15 93 39 117 73 151 0 41 78 34 119 112 25 103 69 147 47 125 163
Utility: 1295.445206

Airplane 1
157 55 133 7 68 85 146 6 84 164
Utility: 404.643417

Airplane 2

Airplane 3
159 17 95 27 54 132 31 105 109 19 37 115 97 1 79 166
Utility: 947.206960

Airplane 4
160 64 46 142 16 94 124 61 139 59 137 33 111 24 102 77 155 167
Utility: 2082.067423

Airplane 5
161 74 152 5 83 40 118 3 81 36 114 168
Utility: 155.472722

Airplane 6
162 23 101 67 145 56 134 65 143 75 153 2 80 22 100 71 149 20 98 76 154 169
Utility: 2170.046835

