Airplane 0
156 52 130 39 117 61 139 0 41 78 22 100 119 25 103 18 96 163
Utility: 510.558647

Airplane 1
157 8 86 73 151 0 78 41 35 113 62 140 59 137 119 25 103 27 105 77 66 144 68 155 146 6 37 115 84 36 114 164
Utility: 2224.343868

Airplane 2
158 40 118 31 42 109 120 165
Utility: 115.666175

Airplane 3
159 67 145 56 134 41 119 54 132 24 102 71 149 20 98 1 79 166
Utility: 1219.614343

Airplane 4
160 64 142 48 126 23 101 9 87 53 131 34 25 112 103 69 147 167
Utility: 1038.379669

Airplane 5
161 16 46 94 124 11 89 58 136 56 65 134 143 75 153 2 80 55 17 95 133 51 7 85 74 129 5 152 83 19 3 81 97 32 26 104 76 154 110 168
Utility: 2273.295616

Airplane 6

