Airplane 0
156 23 101 67 145 56 41 134 34 119 112 25 103 163
Utility: 1631.324825

Airplane 1
157 27 105 1 79 26 104 164
Utility: 587.372738

Airplane 2
158 77 155 40 118 42 120 20 98 45 123 165
Utility: 1100.505918

Airplane 3
159 61 139 59 137 25 103 24 102 51 129 6 84 76 154 166
Utility: 1274.508105

Airplane 4
160 64 142 48 126 46 124 9 87 53 131 25 103 69 147 68 146 19 97 167
Utility: 1189.732206

Airplane 5
161 74 152 5 83 37 115 3 81 168
Utility: 53.894265

Airplane 6
162 10 88 65 143 75 153 70 148 44 122 31 71 149 109 169
Utility: 370.767060

