Airplane 0
156 15 93 39 117 73 151 0 78 33 111 77 155 163
Utility: 399.561061

Airplane 1
157 22 100 17 95 27 105 51 129 19 3 81 97 36 114 164
Utility: 858.816066

Airplane 2
158 66 37 144 68 146 115 165
Utility: 184.067362

Airplane 3
159 56 134 41 119 55 49 127 72 133 150 24 102 20 98 1 79 166
Utility: 1665.070031

Airplane 4
160 64 16 46 142 48 94 124 126 9 87 58 136 53 131 59 137 34 25 112 103 18 77 96 155 40 118 19 26 104 97 32 110 76 154 167
Utility: 1984.040766

Airplane 5

Airplane 6
162 23 101 10 88 65 143 75 153 70 148 71 149 77 155 6 84 169
Utility: 838.902927

