Airplane 0
156 16 46 94 124 39 117 0 41 78 119 25 103 54 132 18 24 102 96 47 125 19 3 81 97 76 154 163
Utility: 2007.857299

Airplane 1
157 11 89 13 91 61 139 56 134 33 111 77 66 155 144 20 98 26 104 36 114 164
Utility: 2494.168544

Airplane 2
158 40 118 42 120 32 110 165
Utility: 124.111108

Airplane 3

Airplane 4
160 8 86 23 101 9 87 59 137 17 95 69 147 167
Utility: 1115.885595

Airplane 5
161 27 105 37 115 168
Utility: 320.242212

Airplane 6
162 48 52 130 126 67 10 88 145 65 143 22 100 34 112 44 122 31 109 6 84 169
Utility: 1228.294562

