Airplane 0
156 46 124 73 151 0 41 78 34 119 112 25 103 69 147 47 125 163
Utility: 1370.878587

Airplane 1
157 66 77 144 155 26 104 36 114 76 154 164
Utility: 464.025030

Airplane 2
158 18 77 96 155 40 118 68 146 165
Utility: 93.607758

Airplane 3
159 11 89 67 145 56 134 59 137 72 150 54 132 71 24 102 149 20 98 1 79 166
Utility: 1253.417785

Airplane 4
160 64 142 48 126 9 87 53 131 22 100 167
Utility: 324.675291

Airplane 5
161 74 152 5 83 37 115 32 110 168
Utility: 194.041063

Airplane 6
162 23 101 10 88 65 143 75 153 70 148 27 105 31 109 6 84 45 123 169
Utility: 697.007283

