Airplane 0
156 15 93 39 117 67 145 0 41 78 34 119 112 25 103 69 147 19 97 163
Utility: 2013.684514

Airplane 1
157 27 77 105 4 82 155 47 125 26 104 50 128 36 114 164
Utility: 1141.439937

Airplane 2

Airplane 3
159 33 111 54 132 24 102 20 98 1 79 166
Utility: 1082.590005

Airplane 4
160 64 46 142 124 23 101 61 139 59 137 22 100 167
Utility: 1309.093901

Airplane 5
161 51 5 129 83 40 118 37 115 168
Utility: 233.779347

Airplane 6
162 10 88 56 65 134 143 75 153 70 148 44 122 31 71 149 109 6 84 76 154 169
Utility: 1347.138622

