Airplane 0
156 15 93 73 151 0 65 143 78 22 100 69 147 4 82 47 125 1 79 163
Utility: 1155.098533

Airplane 1
157 77 66 144 68 155 146 40 118 20 98 36 114 164
Utility: 1532.999902

Airplane 2
158 16 46 94 124 23 101 61 139 35 113 59 41 137 119 25 103 54 132 24 102 51 5 83 129 42 19 120 3 81 97 32 26 104 76 110 154 165
Utility: 3515.231732

Airplane 3

Airplane 4
160 64 142 48 126 9 87 53 131 25 103 27 105 167
Utility: 479.943151

Airplane 5

Airplane 6
162 11 89 67 145 56 134 75 153 55 133 44 122 31 71 149 109 6 84 169
Utility: 1353.991870

