Airplane 0
156 46 124 67 145 0 41 78 34 119 112 25 103 24 102 20 98 163
Utility: 2289.041821

Airplane 1
157 70 148 7 77 85 155 6 84 36 114 164
Utility: 881.292868

Airplane 2
158 40 118 42 120 3 81 76 154 28 106 165
Utility: 318.121202

Airplane 3
159 33 111 51 129 37 1 115 79 166
Utility: 525.552848

Airplane 4
160 64 142 48 126 23 101 9 87 56 134 22 100 69 147 167
Utility: 1336.790827

Airplane 5
161 19 97 32 26 104 110 168
Utility: 508.097375

Airplane 6
162 61 139 65 143 75 153 55 133 27 105 66 144 169
Utility: 1016.904833

