Airplane 0
156 15 93 39 117 73 151 0 56 134 41 78 34 119 112 25 103 69 147 77 155 47 125 163
Utility: 2363.878024

Airplane 1
157 66 144 6 84 164
Utility: 205.099886

Airplane 2
158 33 111 51 129 40 118 42 120 3 81 1 79 165
Utility: 689.699590

Airplane 3
159 27 105 54 132 24 102 37 115 19 97 166
Utility: 979.016945

Airplane 4
160 64 142 48 126 46 124 61 139 35 113 59 137 167
Utility: 904.825167

Airplane 5
161 16 94 23 101 168
Utility: 504.162294

Airplane 6
162 11 89 67 10 88 145 0 65 78 143 75 153 2 80 22 100 71 149 20 98 32 110 76 154 169
Utility: 2013.339361

