Airplane 0
156 8 86 48 126 73 151 0 41 78 34 119 112 163
Utility: 784.721739

Airplane 1
157 20 98 32 110 164
Utility: 396.610832

Airplane 2
158 39 117 61 139 56 65 134 143 2 80 22 100 71 149 40 118 6 84 76 154 165
Utility: 1319.121752

Airplane 3
159 49 127 72 150 54 132 24 102 77 66 144 155 1 79 166
Utility: 1322.290847

Airplane 4
160 52 130 67 9 145 87 167
Utility: 437.626968

Airplane 5
161 16 46 124 94 11 89 58 136 60 138 59 137 25 103 55 133 51 31 129 74 5 152 83 109 19 37 115 26 97 104 36 114 168
Utility: 2452.720494

Airplane 6
162 23 101 10 88 65 143 75 153 17 95 69 147 169
Utility: 651.315587

