Airplane 0
156 8 86 39 117 73 151 60 138 163
Utility: 215.312822

Airplane 1
157 35 113 17 95 55 133 54 132 18 96 66 144 68 146 47 125 26 3 81 104 36 114 164
Utility: 1080.029820

Airplane 2
158 7 85 31 42 109 120 20 98 1 79 165
Utility: 796.855335

Airplane 3
159 11 48 126 89 67 145 0 65 143 78 22 100 71 149 51 129 40 118 37 115 32 110 166
Utility: 1455.900201

Airplane 4
160 64 16 46 142 94 124 9 87 53 131 59 137 25 103 69 147 19 97 167
Utility: 1468.489182

Airplane 5
161 56 65 134 143 33 111 24 102 168
Utility: 595.310286

Airplane 6
162 23 101 10 88 41 119 27 77 105 155 6 84 76 154 45 123 169
Utility: 1837.187039

