Airplane 0
156 15 93 46 124 73 151 0 56 134 41 78 34 119 112 25 103 163
Utility: 1614.866671

Airplane 1
157 70 148 7 85 12 90 6 84 76 154 164
Utility: 384.756713

Airplane 2
158 40 118 42 120 3 81 1 79 45 123 165
Utility: 328.734852

Airplane 3
159 33 111 54 132 24 102 71 149 37 115 166
Utility: 611.373122

Airplane 4
160 64 142 48 126 23 101 9 87 59 137 25 103 69 147 19 97 167
Utility: 1333.187095

Airplane 5
161 20 98 26 104 32 110 168
Utility: 605.742954

Airplane 6
162 67 145 65 143 75 153 55 133 27 77 105 66 144 68 146 155 169
Utility: 1846.463073

