Airplane 0
156 15 93 39 117 73 151 0 78 34 112 55 17 133 95 163
Utility: 534.426515

Airplane 1
157 26 104 36 114 164
Utility: 22.689006

Airplane 2
158 77 155 40 118 42 120 20 98 76 154 165
Utility: 1448.248264

Airplane 3
159 61 139 41 59 137 119 71 149 54 132 66 144 1 79 166
Utility: 1300.652641

Airplane 4
160 64 46 142 48 124 126 9 87 53 131 22 100 69 147 68 146 19 50 128 97 167
Utility: 1460.090017

Airplane 5
161 16 67 94 145 56 134 33 111 24 102 37 115 168
Utility: 1405.860927

Airplane 6
162 23 101 10 88 65 143 75 153 27 105 31 109 6 84 45 123 169
Utility: 1251.974759

