Airplane 0
156 15 93 39 117 73 151 60 138 65 143 41 2 80 22 119 34 112 25 103 100 69 51 129 147 40 118 42 120 19 4 82 47 125 97 32 26 104 110 163
Utility: 2487.219372

Airplane 1
157 13 91 61 139 59 137 33 111 27 105 20 98 76 154 164
Utility: 1284.391561

Airplane 2

Airplane 3
159 55 133 71 149 54 132 24 102 37 115 3 81 1 79 166
Utility: 971.464952

Airplane 4
160 64 142 46 48 126 124 9 87 53 131 17 95 69 147 167
Utility: 657.337078

Airplane 5

Airplane 6
162 16 94 23 101 67 10 88 145 169
Utility: 902.062594

