Airplane 0
156 16 94 39 117 0 41 78 34 119 112 17 95 163
Utility: 1233.040200

Airplane 1
157 77 155 1 79 26 104 36 114 164
Utility: 1025.401563

Airplane 2
158 56 134 55 133 51 129 40 118 165
Utility: 188.138582

Airplane 3
159 46 67 124 145 56 134 22 100 72 71 150 149 54 132 166
Utility: 868.168747

Airplane 4
160 52 48 130 126 9 87 61 65 143 139 59 53 131 137 25 103 18 24 102 69 96 147 68 146 19 97 76 154 167
Utility: 2639.266857

Airplane 5
161 74 152 5 83 20 98 3 81 32 110 168
Utility: 576.399141

Airplane 6
162 23 101 58 136 56 134 75 153 27 105 31 109 6 84 169
Utility: 1084.855825

