Airplane 0
156 15 93 39 117 73 151 0 41 78 34 119 112 25 103 18 96 47 125 163
Utility: 1167.939908

Airplane 1
157 46 48 126 124 61 139 56 134 33 111 71 149 77 155 3 81 76 154 164
Utility: 2363.320200

Airplane 2
158 40 118 6 37 115 84 165
Utility: 327.212785

Airplane 3

Airplane 4
160 64 142 23 101 9 87 53 131 25 103 27 105 69 147 19 50 128 97 167
Utility: 875.928019

Airplane 5
161 24 102 74 5 152 83 20 98 32 110 168
Utility: 783.275951

Airplane 6
162 11 89 67 145 13 91 10 88 60 138 59 137 75 153 2 80 22 55 100 133 51 129 66 144 68 146 26 104 1 79 45 123 169
Utility: 2213.927605

