Airplane 0
156 16 46 94 124 23 101 61 139 59 137 33 111 51 129 163
Utility: 1745.104343

Airplane 1

Airplane 2
158 77 155 40 118 42 120 14 92 165
Utility: 629.963857

Airplane 3
159 11 89 67 30 108 145 56 134 41 119 49 127 72 150 54 132 24 102 20 98 1 79 76 154 166
Utility: 1786.304242

Airplane 4
160 64 142 48 126 15 93 9 87 53 131 25 103 69 147 68 146 19 97 167
Utility: 856.352564

Airplane 5
161 74 152 5 83 37 115 26 3 104 81 32 110 168
Utility: 481.157837

Airplane 6
162 65 143 22 100 75 153 17 95 27 105 31 109 6 84 45 123 169
Utility: 645.127773

