Airplane 0
156 15 93 39 117 73 151 0 78 22 34 112 25 100 103 69 147 40 118 19 97 1 79 163
Utility: 1536.451018

Airplane 1
157 67 145 0 78 33 111 77 18 96 155 164
Utility: 1071.919577

Airplane 2

Airplane 3
159 8 86 11 89 61 65 143 139 41 59 137 119 25 103 54 132 42 120 20 98 26 104 76 154 166
Utility: 1760.253128

Airplane 4
160 52 130 48 126 9 87 53 131 17 95 27 105 68 146 167
Utility: 590.124451

Airplane 5
161 27 105 24 102 51 74 5 152 83 129 37 6 84 115 32 110 168
Utility: 912.403364

Airplane 6
162 46 16 94 124 23 101 58 136 56 65 134 143 25 103 55 133 71 31 109 149 66 144 169
Utility: 1931.725353

