Airplane 0
156 15 93 16 94 73 151 0 78 34 112 33 111 163
Utility: 826.264863

Airplane 1
157 66 144 19 37 97 115 26 104 32 110 164
Utility: 777.782296

Airplane 2
158 77 155 40 118 42 120 165
Utility: 661.118381

Airplane 3
159 67 145 56 134 41 119 49 127 72 150 54 132 24 102 71 149 20 98 1 79 76 154 166
Utility: 1940.015395

Airplane 4
160 64 142 48 126 46 124 9 87 53 131 25 103 69 147 68 146 167
Utility: 1051.881339

Airplane 5

Airplane 6
162 23 101 61 139 65 143 75 153 27 105 31 109 6 84 169
Utility: 1148.669865

