Airplane 0
156 15 93 39 117 67 145 0 41 78 34 119 112 25 103 71 149 47 125 163
Utility: 1184.485249

Airplane 1

Airplane 2
158 77 155 40 118 42 120 26 104 165
Utility: 819.375261

Airplane 3
159 33 111 54 132 24 37 102 115 1 79 166
Utility: 473.372073

Airplane 4
160 64 142 48 126 46 124 9 87 53 131 25 103 69 147 51 129 6 84 167
Utility: 825.639756

Airplane 5
161 66 144 68 146 19 97 32 110 168
Utility: 633.052629

Airplane 6
162 23 101 61 139 65 56 134 143 75 153 2 80 22 100 71 149 24 102 20 98 76 154 169
Utility: 1718.408542

