Airplane 0
156 16 94 11 89 67 10 88 145 0 41 78 34 119 112 25 103 69 147 4 82 20 98 163
Utility: 2012.284867

Airplane 1
157 33 111 7 85 68 146 6 84 164
Utility: 426.909083

Airplane 2
158 40 118 42 120 19 3 97 1 81 79 165
Utility: 778.775946

Airplane 3
159 48 46 126 124 23 101 61 139 35 113 59 137 166
Utility: 1334.020458

Airplane 4

Airplane 5
161 22 100 17 95 71 149 54 132 24 102 77 155 26 104 32 110 76 154 168
Utility: 1810.710480

Airplane 6
162 56 65 143 134 75 153 55 133 71 149 66 144 169
Utility: 752.442801

