Airplane 0
156 39 117 73 151 0 56 134 65 143 78 41 25 119 103 24 102 77 37 155 47 125 115 163
Utility: 2328.338415

Airplane 1
157 51 129 19 3 81 97 1 79 164
Utility: 745.821226

Airplane 2

Airplane 3
159 11 67 89 61 145 139 34 112 33 111 27 54 132 42 105 20 120 98 76 154 166
Utility: 1536.310176

Airplane 4
160 64 16 46 142 94 124 15 93 9 87 59 137 22 100 69 147 68 146 167
Utility: 1178.319783

Airplane 5
161 74 5 152 83 40 118 26 104 168
Utility: 196.422873

Airplane 6
162 23 101 10 88 65 143 75 153 70 148 44 122 31 71 149 109 6 84 45 123 169
Utility: 722.340999

