Airplane 0
156 15 93 39 117 73 151 0 41 78 34 119 112 25 103 69 147 77 155 6 84 163
Utility: 2171.060161

Airplane 1
157 55 133 51 129 47 125 26 104 36 114 164
Utility: 425.037543

Airplane 2

Airplane 3
159 23 101 61 139 59 137 72 71 150 149 54 132 24 102 20 98 76 154 166
Utility: 1917.161508

Airplane 4
160 64 142 48 126 9 87 56 134 22 100 17 95 69 40 147 118 68 146 167
Utility: 1112.698032

Airplane 5
161 74 5 152 83 19 3 81 97 32 110 168
Utility: 565.275420

Airplane 6
162 46 16 94 124 67 10 88 145 65 143 35 113 62 140 33 111 31 109 1 79 45 123 169
Utility: 1454.141815

