Airplane 0
156 15 93 39 117 73 151 0 56 134 41 78 34 119 112 25 103 27 105 20 98 47 125 163
Utility: 1685.248404

Airplane 1
157 66 77 144 68 155 146 19 3 81 97 36 114 164
Utility: 228.409335

Airplane 2
158 40 118 42 120 26 32 104 110 165
Utility: 336.623360

Airplane 3
159 67 61 145 139 41 119 71 149 54 132 24 102 1 79 76 154 166
Utility: 1377.075838

Airplane 4
160 52 130 11 89 58 136 22 100 17 95 18 96 167
Utility: 757.008772

Airplane 5
161 65 143 53 131 55 133 69 147 168
Utility: 369.535266

Airplane 6
162 16 94 23 101 9 87 59 137 35 113 62 140 33 111 77 155 169
Utility: 1082.898073

