Airplane 0
156 48 126 46 124 73 151 0 56 134 41 78 34 119 112 25 103 24 102 163
Utility: 1694.009440

Airplane 1
157 22 100 69 147 51 129 68 146 6 84 164
Utility: 735.709615

Airplane 2

Airplane 3
159 72 150 54 132 12 90 37 1 115 79 166
Utility: 273.476628

Airplane 4
160 52 130 67 145 61 139 59 137 17 95 18 96 19 97 167
Utility: 1514.374041

Airplane 5
161 33 111 77 74 152 155 26 104 3 81 76 154 168
Utility: 1278.714721

Airplane 6
162 23 101 10 88 30 108 65 143 75 153 49 127 55 133 71 149 27 105 66 144 20 98 45 123 169
Utility: 1806.330371

