Airplane 0
156 15 93 52 130 73 151 0 56 134 41 78 34 119 112 17 95 69 147 51 129 74 152 4 82 47 125 63 36 114 141 32 110 163
Utility: 1803.445993

Airplane 1
157 25 103 18 96 68 146 6 3 81 84 164
Utility: 578.110963

Airplane 2
158 40 118 20 98 76 154 165
Utility: 680.747711

Airplane 3
159 33 111 77 155 19 97 1 79 166
Utility: 1292.470876

Airplane 4
160 64 16 142 94 23 101 67 145 65 143 167
Utility: 1034.253382

Airplane 5
161 46 124 39 117 0 60 138 78 75 55 153 133 27 54 132 105 24 102 31 42 37 120 109 115 26 104 168
Utility: 1436.363079

Airplane 6
162 61 139 22 100 71 149 66 144 169
Utility: 509.655783

