Airplane 0
156 8 86 39 117 73 151 0 65 143 41 78 34 119 112 25 103 69 51 129 147 7 4 82 85 74 152 3 1 81 79 163
Utility: 1337.547601

Airplane 1
157 16 94 11 89 58 136 60 138 59 137 33 111 54 132 77 155 20 98 32 110 164
Utility: 2366.661797

Airplane 2
158 40 118 42 120 19 3 97 81 165
Utility: 343.513259

Airplane 3

Airplane 4
160 52 48 130 126 67 61 145 139 41 119 167
Utility: 716.100227

Airplane 5
161 41 119 27 105 24 102 66 18 96 144 6 3 84 81 168
Utility: 907.596914

Airplane 6
162 46 124 23 101 9 87 56 65 134 143 75 153 22 100 44 122 31 71 149 109 37 68 146 115 26 104 76 154 45 123 169
Utility: 2546.616524

