Airplane 0
156 46 124 73 151 0 41 78 34 119 112 163
Utility: 1158.235167

Airplane 1
157 77 155 47 125 26 104 36 114 164
Utility: 783.780416

Airplane 2

Airplane 3
159 33 111 54 132 24 102 20 98 1 79 166
Utility: 1082.590005

Airplane 4
160 64 142 48 15 93 126 9 87 59 137 25 103 27 105 68 146 19 50 128 97 167
Utility: 1502.380978

Airplane 5
161 74 152 37 115 76 154 168
Utility: 283.152388

Airplane 6
162 23 101 67 145 56 65 134 143 75 153 70 148 44 122 31 71 149 109 6 84 45 123 169
Utility: 1802.115471

