Airplane 0
156 15 93 39 117 73 151 0 56 134 41 78 34 119 112 25 103 69 147 77 155 47 125 163
Utility: 2591.679024

Airplane 1
157 7 85 51 129 6 3 81 84 164
Utility: 385.026704

Airplane 2

Airplane 3
159 72 150 54 132 24 102 71 149 37 115 19 97 166
Utility: 761.050302

Airplane 4
160 52 130 67 145 61 139 59 137 22 100 167
Utility: 1032.388599

Airplane 5
161 74 5 152 83 20 98 50 128 32 110 26 104 76 154 168
Utility: 1030.442729

Airplane 6
162 23 101 30 108 65 143 75 153 55 133 27 105 66 144 68 146 1 79 45 123 169
Utility: 1702.330615

