Airplane 0
156 15 93 39 117 73 151 60 138 0 65 143 78 2 80 22 34 112 25 100 103 54 132 18 96 51 74 152 5 83 129 4 82 37 3 81 115 26 104 76 154 163
Utility: 1541.921941

Airplane 1

Airplane 2
158 52 130 16 46 94 124 61 139 59 137 55 133 17 95 27 77 105 155 40 118 42 120 20 98 165
Utility: 2831.735078

Airplane 3
159 67 145 0 78 33 111 54 132 24 102 66 144 68 146 1 79 166
Utility: 1082.887017

Airplane 4
160 64 142 48 126 9 87 53 131 41 119 69 147 19 50 128 97 167
Utility: 620.665501

Airplane 5

Airplane 6
162 23 101 10 88 65 143 75 153 70 148 44 122 31 71 149 109 6 84 45 123 169
Utility: 828.828999

