////////Airplane 0////////
Route 0
FO: 0.000000
fast_of: 0.000000
Válida: t
94 15 62 13 60 41 88 40 87 20 67 101
Route 1
FO: -105.374785
fast_of: -85.120864
Válida: t
94 15 62 11 58 13 60 0 41 47 88 31 40 87 78 19 20 67 66 1 48 101
Route 2
FO: -105.374785
fast_of: -85.120864
Válida: t
94 15 62 11 58 13 60 0 41 47 88 31 40 87 78 19 20 67 66 1 48 101
Route 3
FO: -127.776203
fast_of: -127.776203
Válida: t
94 101
Route 4
FO: -79.889178
fast_of: -79.889178
Válida: t
94 25 72 12 59 24 71 20 67 101
Route 5
FO: -15.835472
fast_of: -15.835472
Válida: t
94 15 62 0 41 47 88 25 72 12 59 24 71 20 67 101
Route 6
FO: -126.299278
fast_of: -126.299278
Válida: t
94 11 58 0 41 47 88 17 64 7 54 31 78 20 67 101
Route 7
FO: -159.032229
fast_of: -159.032229
Válida: t
94 25 72 24 71 19 66 101
Route 8
FO: -115.218847
fast_of: -115.218847
Válida: t
94 17 64 40 87 37 84 101
Route 9
FO: -107.546538
fast_of: -107.546538
Válida: t
94 7 54 101
Route 10
FO: -67.572447
fast_of: -56.868355
Válida: t
94 15 62 23 70 46 0 93 47 40 87 20 19 66 67 101
Route 11
FO: -140.632358
fast_of: -140.632358
Válida: t
94 25 72 21 68 101
Route 12
FO: -59.730339
fast_of: -56.941885
Válida: t
94 15 62 9 56 36 83 101
Route 13
FO: -52.410571
fast_of: -52.410571
Válida: t
94 15 62 11 58 25 72 28 75 101
Route 14
FO: -40.638008
fast_of: -40.638008
Válida: t
94 15 62 25 72 101
Route 15
FO: 0.000000
fast_of: 0.000000
Válida: t
94 15 62 25 72 26 73 32 79 101
Route 16
FO: -31.397777
fast_of: -31.397777
Válida: t
94 15 62 25 72 40 87 12 59 101
Route 17
FO: -60.048241
fast_of: -60.048241
Válida: t
94 15 62 17 64 101
Route 18
FO: -53.114308
fast_of: -53.114308
Válida: t
94 15 62 13 60 41 88 38 85 101
Route 19
FO: -27.283883
fast_of: -27.283883
Válida: t
94 15 62 25 72 12 59 28 75 101
Route 20
FO: -53.019826
fast_of: -53.019826
Válida: t
94 15 62 11 58 40 87 31 78 28 75 101
Route 21
FO: -18.768020
fast_of: -18.768020
Válida: t
94 15 62 25 72 12 59 24 71 32 79 101
Route 22
FO: -35.867927
fast_of: -35.867927
Válida: t
94 15 62 45 92 25 72 101
Route 23
FO: -25.664818
fast_of: -25.664818
Válida: t
94 15 62 9 56 25 72 40 87 101
Route 24
FO: -25.028906
fast_of: -25.028906
Válida: t
94 15 62 9 56 40 87 12 59 101
Route 25
FO: 0.000000
fast_of: 0.000000
Válida: t
94 15 62 11 58 9 56 22 69 12 59 101
Route 26
FO: 0.000000
fast_of: 0.000000
Válida: t
94 15 62 23 70 13 60 41 88 40 87 101
Route 27
FO: -15.620841
fast_of: -15.620841
Válida: t
94 15 62 25 72 40 87 42 89 101
Route 28
FO: -11.588943
fast_of: -11.588943
Válida: t
94 15 62 23 70 9 56 40 87 101
Route 29
FO: 0.000000
fast_of: 0.000000
Válida: t
94 15 62 23 70 35 82 33 80 40 87 20 67 101
Route 30
FO: -14.972625
fast_of: -14.972625
Válida: t
94 15 62 13 60 22 69 38 85 40 87 101
Route 31
FO: 0.000000
fast_of: 0.000000
Válida: t
94 15 62 13 60 22 69 5 52 40 87 101
Route 32
FO: 0.000000
fast_of: 16.712202
Válida: t
94 15 62 13 60 41 46 93 88 40 7 87 54 19 37 84 66 1 48 101
////////Airplane 1////////
Route 0
FO: -52.587241
fast_of: -49.798788
Válida: t
95 23 70 0 10 57 47 17 64 3 50 36 83 102
Route 1
FO: -53.092749
fast_of: -50.304295
Válida: t
95 23 70 0 10 57 41 47 88 17 64 20 3 67 50 36 83 102
Route 2
FO: -158.892939
fast_of: -148.188848
Válida: t
95 11 58 0 10 57 41 47 88 31 78 20 19 67 66 1 48 102
Route 3
FO: -200.856039
fast_of: -200.856039
Válida: t
95 102
Route 4
FO: -186.769760
fast_of: -154.499433
Válida: t
95 8 55 11 58 9 56 0 10 57 47 22 17 64 69 21 68 31 18 78 65 4 51 40 87 6 53 102
Route 5
FO: -124.165108
fast_of: -91.894780
Válida: t
95 8 55 11 58 9 56 0 10 57 47 22 2 49 17 64 69 21 68 44 91 31 18 78 65 4 51 40 87 6 3 26 53 50 1 73 48 102
Route 6
FO: -104.969503
fast_of: -72.699176
Válida: t
95 8 55 11 58 9 56 0 10 57 47 22 2 49 17 64 69 25 72 44 91 31 18 78 65 4 51 40 87 6 3 26 53 50 1 73 48 102
Route 7
FO: -175.906070
fast_of: -173.117616
Válida: t
95 8 55 10 57 33 80 19 3 66 50 36 83 102
Route 8
FO: -185.711480
fast_of: -184.669740
Válida: t
95 11 58 9 56 10 57 46 93 21 68 31 18 78 65 4 51 40 87 37 84 102
Route 9
FO: -86.159616
fast_of: -86.159616
Válida: t
95 8 55 11 58 9 56 0 10 57 47 22 69 21 68 44 91 7 54 40 87 42 89 3 6 53 50 102
Route 10
FO: -143.893979
fast_of: -141.105525
Válida: t
95 9 56 0 10 57 47 22 69 21 68 31 78 28 75 36 83 102
Route 11
FO: -98.875968
fast_of: -96.087514
Válida: t
95 45 92 38 85 3 50 36 83 102
Route 12
FO: -100.671551
fast_of: -97.883097
Válida: t
95 33 80 25 72 3 37 84 50 36 83 102
Route 13
FO: -43.254935
fast_of: -40.466482
Válida: t
95 23 70 9 56 22 69 25 72 3 37 84 26 73 50 36 83 102
Route 14
FO: -98.379818
fast_of: -63.321037
Válida: t
95 8 55 11 58 9 56 0 10 57 47 22 17 64 69 21 68 44 91 36 83 102
Route 15
FO: -36.192863
fast_of: -1.134082
Válida: t
95 23 70 0 10 57 47 22 17 64 69 44 91 40 87 36 83 102
Route 16
FO: -70.029253
fast_of: -67.240799
Válida: t
95 45 92 0 10 57 47 22 69 17 64 24 71 40 87 36 83 102
Route 17
FO: -55.548715
fast_of: -23.278388
Válida: t
95 23 70 9 56 0 10 57 46 93 47 22 17 64 69 21 68 44 91 18 65 40 87 4 51 42 89 28 26 75 73 102
Route 18
FO: -115.807552
fast_of: -83.537224
Válida: t
95 8 55 11 58 9 56 0 10 57 47 22 17 64 69 21 68 7 54 12 59 40 87 3 26 50 1 73 48 102
Route 19
FO: -95.825049
fast_of: -93.036595
Válida: t
95 23 70 9 56 31 78 40 87 3 37 84 26 73 50 36 83 102
Route 20
FO: -37.146882
fast_of: -34.358429
Válida: t
95 11 58 9 56 25 72 40 87 3 37 84 26 73 50 36 83 102
Route 21
FO: -47.645608
fast_of: -44.857154
Válida: t
95 45 92 0 10 57 46 93 47 22 69 44 91 36 83 102
Route 22
FO: -80.946603
fast_of: -78.158150
Válida: t
95 23 70 0 46 93 47 17 64 25 72 3 6 53 50 36 83 102
Route 23
FO: -78.015802
fast_of: -42.957021
Válida: t
95 11 58 9 56 0 46 93 47 22 17 64 69 21 68 44 91 18 24 71 65 4 51 40 87 3 50 36 83 102
Route 24
FO: -119.978471
fast_of: -117.190017
Válida: t
95 8 55 11 58 9 56 0 10 57 47 22 69 25 72 7 54 40 87 6 3 50 53 36 83 102
Route 25
FO: -60.622877
fast_of: -25.564096
Válida: t
95 11 58 9 56 0 46 93 47 22 17 64 69 21 68 44 91 24 71 38 85 40 87 3 26 73 50 36 83 102
Route 26
FO: -100.800699
fast_of: -98.012245
Válida: t
95 33 80 25 72 44 91 3 28 75 50 36 83 102
Route 27
FO: -62.644594
fast_of: -59.856140
Válida: t
95 23 70 17 64 24 71 37 3 84 26 73 50 36 83 102
Route 28
FO: -0.000000
fast_of: 2.788454
Válida: t
95 23 70 0 10 57 47 17 64 42 24 71 20 89 14 61 3 67 50 36 83 102
Route 29
FO: 18.901965
fast_of: 51.172292
Válida: t
95 11 58 9 56 0 10 57 47 22 17 64 69 25 72 5 52 40 87 42 37 89 26 84 73 102
Route 30
FO: -56.735835
fast_of: -56.735835
Válida: t
95 11 58 9 56 0 10 57 46 93 47 22 69 17 64 7 54 5 52 4 51 40 87 37 26 84 1 73 48 102
Route 31
FO: 9.596129
fast_of: 44.654910
Válida: t
95 11 58 9 56 0 10 57 47 17 22 69 64 38 85 5 52 40 87 42 37 89 26 84 73 36 83 102
Route 32
FO: -22.728284
fast_of: 9.542044
Válida: t
95 45 92 0 10 57 47 22 17 64 69 21 68 7 54 40 87 3 37 84 26 50 73 102
Route 33
FO: -111.570580
fast_of: -79.300252
Válida: t
95 8 55 11 58 9 56 0 10 57 47 22 17 64 69 21 68 44 91 7 54 3 28 75 50 102
Route 34
FO: 1.293067
fast_of: 36.351848
Válida: t
95 11 58 9 56 0 10 57 47 22 17 64 69 25 72 44 91 31 18 78 65 4 51 40 87 3 37 84 50 36 83 102
Route 35
FO: -0.000000
fast_of: 10.098781
Válida: t
95 23 70 0 10 57 41 47 22 69 88 40 87 3 6 53 50 36 83 102
Route 36
FO: 5.122621
fast_of: 108.966678
Válida: t
95 11 15 62 58 9 56 0 10 57 46 93 47 22 17 64 69 21 68 7 44 91 18 24 71 54 65 4 51 40 87 3 37 84 26 73 50 36 83 102
Route 37
FO: 18.901965
fast_of: 114.553939
Válida: t
95 11 45 92 58 0 10 57 46 93 47 22 17 64 69 44 91 24 71 38 85 5 52 40 4 51 87 3 28 26 75 73 50 36 83 102
////////Airplane 2////////
Route 0
FO: -45.388196
fast_of: -45.388196
Válida: t
96 22 69 5 52 32 79 28 75 103
Route 1
FO: 0.000000
fast_of: 7.310327
Válida: t
96 0 41 47 22 88 69 5 52 32 79 28 75 103
Route 2
FO: -158.236519
fast_of: -153.626472
Válida: t
96 0 41 47 17 88 64 20 67 1 48 28 75 103
Route 3
FO: -133.520066
fast_of: -133.520066
Válida: t
96 103
Route 4
FO: -60.083842
fast_of: -60.083842
Válida: t
96 5 52 32 79 28 75 103
Route 5
FO: -116.528619
fast_of: -116.528619
Válida: t
96 41 88 32 79 28 75 103
Route 6
FO: -40.802092
fast_of: -40.802092
Válida: t
96 45 92 22 69 17 64 5 52 32 79 28 75 103
Route 7
FO: -163.530384
fast_of: -163.530384
Válida: t
96 31 78 28 75 103
Route 8
FO: -74.589778
fast_of: -74.589778
Válida: t
96 23 70 0 47 22 69 21 68 5 52 32 79 103
Route 9
FO: -49.659524
fast_of: -49.659524
Válida: t
96 9 56 5 52 32 79 28 75 103
Route 10
FO: -139.802653
fast_of: -139.802653
Válida: t
96 25 72 28 75 103
Route 11
FO: -101.410919
fast_of: -101.410919
Válida: t
96 25 72 42 89 28 75 103
Route 12
FO: -0.000000
fast_of: -0.000000
Válida: t
96 16 63 22 69 5 52 32 79 28 75 103
Route 13
FO: -119.749468
fast_of: -119.749468
Válida: t
96 38 85 40 87 12 59 28 75 103
Route 14
FO: -56.110602
fast_of: -56.110602
Válida: t
96 25 72 17 64 5 52 32 79 28 75 103
Route 15
FO: -25.664556
fast_of: -25.664556
Válida: t
96 13 60 22 69 5 52 32 79 28 75 103
Route 16
FO: -23.456578
fast_of: -23.456578
Válida: t
96 9 56 25 72 7 54 5 52 32 79 28 75 103
Route 17
FO: -53.614548
fast_of: -53.614548
Válida: t
96 9 56 33 80 25 72 5 52 32 79 28 75 103
Route 18
FO: -69.401331
fast_of: -69.401331
Válida: t
96 0 47 22 69 5 52 40 87 37 84 28 75 103
Route 19
FO: -6.189529
fast_of: -6.189529
Válida: t
96 16 63 9 56 25 72 38 85 5 52 32 79 28 75 103
Route 20
FO: -15.543233
fast_of: -15.543233
Válida: t
96 16 63 17 64 38 85 5 52 32 79 28 75 103
////////Airplane 3////////
Route 0
FO: -114.404640
fast_of: -114.404640
Válida: t
97 16 63 35 82 33 80 24 71 12 59 19 66 104
Route 1
FO: -91.562660
fast_of: -91.562660
Válida: t
97 16 63 35 82 33 80 27 74 24 71 12 59 19 66 104
Route 2
FO: -161.612764
fast_of: -161.612764
Válida: t
97 16 63 0 47 33 80 27 74 24 71 12 59 19 66 104
Route 3
FO: -192.385172
fast_of: -192.385172
Válida: t
97 104
Route 4
FO: -175.052484
fast_of: -175.052484
Válida: t
97 13 60 2 49 35 82 14 61 37 84 104
Route 5
FO: -109.557033
fast_of: -47.188310
Válida: t
97 8 55 11 58 13 60 46 10 57 0 93 47 2 49 17 35 82 33 64 80 38 85 31 7 54 12 59 78 14 20 61 37 84 67 26 73 36 83 104
Route 6
FO: -109.557033
fast_of: -47.188310
Válida: t
97 8 55 11 58 13 60 46 10 57 0 93 47 2 49 17 35 82 33 64 80 38 85 31 7 54 12 59 78 14 20 61 37 84 67 26 73 36 83 104
Route 7
FO: -245.301771
fast_of: -245.301771
Válida: t
97 8 55 33 80 19 66 104
Route 8
FO: -165.760691
fast_of: -165.760691
Válida: t
97 7 54 31 37 78 84 104
Route 9
FO: -115.574883
fast_of: -97.928534
Válida: t
97 16 63 13 60 46 10 57 93 21 68 31 7 54 12 59 78 20 37 67 84 26 73 36 83 104
Route 10
FO: -177.488380
fast_of: -177.488380
Válida: t
97 33 80 28 75 104
Route 11
FO: -95.421901
fast_of: -82.583636
Válida: t
97 8 55 13 60 46 93 35 82 33 80 25 72 31 7 54 12 59 78 37 42 89 26 84 73 36 83 104
Route 12
FO: -17.030836
fast_of: -2.172941
Válida: t
97 16 63 23 70 13 60 46 10 57 93 35 82 33 80 38 85 31 7 54 12 59 78 20 37 67 84 26 73 104
Route 13
FO: 5.237656
fast_of: 10.045740
Válida: t
97 16 63 13 60 46 93 35 82 33 80 38 85 7 54 12 59 20 37 67 84 26 3 73 50 32 79 104
Route 14
FO: -54.470628
fast_of: -54.470628
Válida: t
97 16 63 23 70 13 60 46 10 57 93 35 82 33 80 25 72 12 59 37 84 104
Route 15
FO: -40.047700
fast_of: -40.047700
Válida: t
97 15 62 23 70 9 56 10 57 35 82 21 68 17 64 38 85 42 24 71 89 19 37 66 84 32 79 104
Route 16
FO: -141.264399
fast_of: -138.475945
Válida: t
97 8 55 13 60 46 93 35 82 33 80 25 72 7 54 12 59 28 26 75 73 36 83 104
Route 17
FO: -102.847114
fast_of: -102.847114
Válida: t
97 15 62 23 70 46 93 21 68 17 64 38 85 31 24 71 78 19 37 84 66 32 79 104
Route 18
FO: -3.346800
fast_of: 14.299550
Válida: t
97 11 58 13 60 46 10 57 93 35 82 33 80 25 72 44 91 31 7 54 12 59 78 20 37 67 84 26 73 36 83 104
Route 19
FO: -73.691083
fast_of: -73.691083
Válida: t
97 13 60 46 0 93 47 2 49 35 82 33 80 38 85 12 59 24 71 19 37 66 84 104
Route 20
FO: -48.197552
fast_of: -24.678424
Válida: t
97 8 55 13 60 46 10 57 93 35 82 33 80 44 91 31 7 54 12 59 78 37 20 67 84 32 26 79 73 36 83 104
Route 21
FO: 5.237656
fast_of: 10.045740
Válida: t
97 23 70 13 60 46 10 57 93 35 82 33 80 38 85 12 59 24 71 37 20 67 84 32 79 104
Route 22
FO: -127.839049
fast_of: -125.050595
Válida: t
97 8 55 13 60 46 93 35 82 33 80 38 85 7 54 12 59 28 26 75 73 36 83 104
Route 23
FO: -63.594814
fast_of: -60.806360
Válida: t
97 13 60 35 82 33 80 25 72 44 91 42 89 28 26 75 73 36 83 104
Route 24
FO: -86.297936
fast_of: -83.509482
Válida: t
97 23 70 13 60 46 93 35 82 33 80 38 85 7 54 42 89 28 26 75 73 36 83 104
Route 25
FO: -55.484261
fast_of: -37.837911
Válida: t
97 13 60 22 69 21 68 31 7 54 12 59 78 42 20 89 37 67 84 26 73 36 83 104
Route 26
FO: -115.281935
fast_of: -115.281935
Válida: t
97 13 60 46 0 93 47 2 49 35 82 33 80 24 71 42 89 104
Route 27
FO: -12.950476
fast_of: -12.950476
Válida: t
97 11 58 9 56 35 82 33 80 42 24 71 37 89 84 32 79 104
Route 28
FO: 5.237656
fast_of: 10.045740
Válida: t
97 16 63 13 60 46 0 93 47 35 82 33 80 27 38 85 12 59 74 24 71 20 37 84 67 32 79 104
Route 29
FO: -0.600553
fast_of: 4.207531
Válida: t
97 13 60 10 57 35 82 33 80 27 38 85 12 59 74 24 71 20 37 84 67 32 79 28 75 104
Route 30
FO: 5.237656
fast_of: 20.095552
Válida: t
97 16 63 8 55 46 10 57 93 35 82 33 80 44 91 31 7 54 12 59 78 20 37 84 67 32 79 104
Route 31
FO: 5.237656
fast_of: 43.303377
Válida: t
97 11 45 92 58 35 82 33 80 24 71 20 37 84 67 32 79 104
Route 32
FO: 5.237656
fast_of: 10.045740
Válida: t
97 16 63 13 60 46 93 35 82 33 80 38 85 7 54 40 87 42 20 89 37 67 84 26 73 32 79 104
Route 33
FO: -21.686048
fast_of: -16.877964
Válida: t
97 16 63 8 55 46 93 35 82 33 80 38 85 7 54 40 87 42 89 20 37 84 67 26 73 32 79 104
Route 34
FO: -42.793849
fast_of: -6.747759
Válida: t
97 11 45 92 58 46 93 35 82 33 80 38 85 7 54 12 59 28 26 75 73 36 83 104
Route 35
FO: 5.237656
fast_of: 10.045740
Válida: t
97 11 58 13 60 46 0 93 47 2 49 35 82 33 80 38 85 12 59 24 71 20 37 67 84 26 73 32 79 104
////////Airplane 4////////
Route 0
FO: 0.000000
fast_of: 0.000000
Válida: t
98 9 56 7 31 78 54 4 51 105
Route 1
FO: -18.792656
fast_of: -18.792656
Válida: t
98 9 56 0 41 47 88 7 31 78 54 4 51 105
Route 2
FO: -103.471427
fast_of: -103.471427
Válida: t
98 11 58 0 41 47 88 7 31 78 54 20 67 105
Route 3
FO: -120.668303
fast_of: -120.668303
Válida: t
98 105
Route 4
FO: -64.629538
fast_of: -47.063070
Válida: t
98 16 63 23 70 45 92 46 93 41 33 88 80 38 85 26 73 36 83 105
Route 5
FO: -75.270199
fast_of: -38.471394
Válida: t
98 16 63 23 70 45 92 46 93 41 33 88 80 38 27 85 12 59 74 24 20 71 1 67 26 48 73 36 83 105
Route 6
FO: -41.404945
fast_of: -4.606140
Válida: t
98 16 63 23 70 45 92 0 47 41 33 88 80 38 27 85 12 59 74 24 20 71 1 67 26 48 73 36 83 105
Route 7
FO: 2.291405
fast_of: 7.099489
Válida: t
98 16 63 45 92 17 64 42 20 89 37 84 67 32 79 105
Route 8
FO: -107.785420
fast_of: -107.785420
Válida: t
98 23 70 45 92 31 78 37 3 50 84 28 75 105
Route 9
FO: -88.844217
fast_of: -88.844217
Válida: t
98 16 63 23 70 45 92 10 57 46 93 21 68 24 71 38 85 40 87 105
Route 10
FO: -141.468984
fast_of: -138.680530
Válida: t
98 16 63 45 92 46 93 21 68 28 26 75 73 36 83 105
Route 11
FO: -64.591767
fast_of: -61.803314
Válida: t
98 9 56 46 93 33 80 38 85 12 59 20 3 67 50 36 83 105
Route 12
FO: -11.673295
fast_of: -11.673295
Válida: t
98 9 56 7 42 89 54 4 51 105
Route 13
FO: -125.116696
fast_of: -125.116696
Válida: t
98 16 63 23 70 46 93 25 72 24 71 40 87 105
Route 14
FO: -63.122430
fast_of: -63.122430
Válida: t
98 16 63 17 64 19 37 84 66 32 79 105
Route 15
FO: -35.710666
fast_of: -19.738013
Válida: t
98 16 63 23 70 35 82 33 80 38 85 24 20 71 19 67 26 73 66 36 83 105
Route 16
FO: -67.377626
fast_of: -64.589173
Válida: t
98 23 70 45 92 33 80 38 85 12 59 40 87 36 83 105
Route 17
FO: -75.471110
fast_of: -72.682657
Válida: t
98 16 63 15 62 23 70 9 56 46 93 33 80 38 18 65 85 26 73 36 83 105
Route 18
FO: -68.929717
fast_of: -66.141264
Válida: t
98 23 70 35 82 17 64 38 85 42 24 71 89 19 66 36 83 105
Route 19
FO: -46.036572
fast_of: -43.248119
Válida: t
98 23 70 35 82 33 80 12 59 24 71 3 26 73 50 36 83 105
Route 20
FO: -106.124948
fast_of: -103.336495
Válida: t
98 9 56 46 93 33 80 38 85 31 78 28 75 36 83 105
Route 21
FO: -65.430526
fast_of: -29.384435
Válida: t
98 11 45 92 58 25 72 36 83 105
Route 22
FO: -36.123521
fast_of: 1.377185
Válida: t
98 15 62 23 70 35 82 33 80 38 85 24 20 71 67 1 36 83 48 105
Route 23
FO: -0.000000
fast_of: 27.884537
Válida: t
98 15 62 23 70 45 92 35 82 33 80 38 85 24 37 71 84 1 36 83 48 105
Route 24
FO: 10.301495
fast_of: 22.706117
Válida: t
98 16 63 23 70 45 92 17 64 12 59 24 20 71 37 67 84 26 73 36 83 105
Route 25
FO: -158.092173
fast_of: -158.092173
Válida: t
98 8 55 23 70 24 71 105
Route 26
FO: -88.045667
fast_of: -85.257213
Válida: t
98 25 72 17 64 19 37 84 66 36 83 105
Route 27
FO: -33.282015
fast_of: -30.493561
Válida: t
98 9 56 25 72 17 64 19 37 84 66 36 83 105
Route 28
FO: -18.739202
fast_of: -15.950748
Válida: t
98 9 56 7 42 89 54 4 51 36 83 105
Route 29
FO: 0.000000
fast_of: 2.788454
Válida: t
98 16 63 23 70 45 92 35 82 33 80 25 72 26 73 36 83 105
Route 30
FO: 0.000000
fast_of: 2.788454
Válida: t
98 15 62 9 56 35 82 33 80 38 85 12 59 24 71 28 26 75 73 36 83 105
Route 31
FO: -27.920443
fast_of: -18.304274
Válida: t
98 10 57 35 82 33 80 38 85 24 20 71 37 84 67 1 48 105
Route 32
FO: -53.596729
fast_of: -50.808275
Válida: t
98 23 70 35 82 17 64 38 85 24 37 71 26 84 73 36 83 105
Route 33
FO: -17.659105
fast_of: -10.062566
Válida: t
98 9 56 25 72 17 64 20 37 84 67 36 83 105
Route 34
FO: -0.000000
fast_of: -0.000000
Válida: t
98 16 63 23 70 35 82 33 80 38 85 7 54 4 51 105
Route 35
FO: 4.140819
fast_of: 11.737357
Válida: t
98 9 56 25 72 17 64 20 37 67 84 26 73 36 83 105
Route 36
FO: -35.968828
fast_of: -33.180374
Válida: t
98 9 56 46 93 35 82 33 80 38 85 26 73 36 83 105
Route 37
FO: -34.847732
fast_of: -1.191141
Válida: t
98 35 82 33 80 38 85 31 24 20 71 37 78 84 67 1 48 105
Route 38
FO: 10.301495
fast_of: 22.706117
Válida: t
98 9 56 25 72 17 64 24 20 71 37 67 84 26 73 36 83 105
Route 39
FO: 0.000000
fast_of: 2.788454
Válida: t
98 9 56 35 82 33 80 38 85 32 79 26 73 36 83 105
////////Airplane 5////////
Route 0
FO: -17.333938
fast_of: -16.292197
Válida: t
99 8 55 11 58 21 68 44 91 18 42 65 89 37 84 1 48 106
Route 1
FO: 2.807596
fast_of: 7.615680
Válida: t
99 8 55 11 58 0 41 47 88 21 68 44 91 31 18 42 65 78 89 20 37 84 67 1 48 106
Route 2
FO: 2.807596
fast_of: 7.615680
Válida: t
99 8 55 11 58 0 41 47 88 21 68 44 91 31 18 42 65 78 89 20 37 84 67 1 48 106
Route 3
FO: -208.552008
fast_of: -208.552008
Válida: t
99 106
Route 4
FO: -116.990781
fast_of: -116.990781
Válida: t
99 44 91 42 89 3 50 1 48 106
Route 5
FO: 34.669030
fast_of: 81.546121
Válida: t
99 8 55 11 58 45 92 0 41 47 88 25 72 17 64 7 44 91 31 18 42 65 54 12 78 59 89 19 3 50 66 1 48 106
Route 6
FO: 31.149734
fast_of: 78.026826
Válida: t
99 8 55 11 58 45 92 0 41 47 88 25 72 17 64 7 44 91 31 18 42 65 54 12 78 59 89 19 26 73 66 1 48 106
Route 7
FO: -60.803611
fast_of: -59.761870
Válida: t
99 8 55 45 92 10 57 33 80 44 91 31 18 42 65 78 89 19 3 50 66 1 48 106
Route 8
FO: -77.930290
fast_of: -24.091407
Válida: t
99 8 55 45 92 46 93 22 25 69 72 17 64 7 44 91 18 42 65 54 89 37 84 1 48 106
Route 9
FO: -115.773086
fast_of: -114.731345
Válida: t
99 11 58 21 68 31 18 42 65 78 89 37 3 84 50 106
Route 10
FO: -63.794782
fast_of: -58.986697
Válida: t
99 8 55 23 70 0 47 21 68 44 91 42 20 89 37 84 67 106
Route 11
FO: -163.835378
fast_of: -163.835378
Válida: t
99 21 68 44 91 106
Route 12
FO: -91.782019
fast_of: -67.148183
Válida: t
99 8 55 45 92 46 93 25 72 7 44 91 18 42 65 54 19 89 37 84 66 36 83 106
Route 13
FO: -46.687604
fast_of: -45.645863
Válida: t
99 11 58 10 57 46 41 93 88 25 72 44 91 18 24 71 7 65 54 42 19 89 3 50 66 1 48 106
Route 14
FO: -131.141710
fast_of: -131.141710
Válida: t
99 46 93 25 72 42 24 71 89 37 84 1 48 106
Route 15
FO: -3.872654
fast_of: 52.834542
Válida: t
99 8 55 11 45 92 58 0 47 22 69 25 72 44 91 31 18 42 65 12 78 59 89 19 3 50 66 26 73 106
Route 16
FO: -48.323304
fast_of: -48.323304
Válida: t
99 8 55 46 41 93 88 25 72 44 91 42 24 71 89 19 3 50 66 1 48 106
Route 17
FO: -94.469223
fast_of: -93.427483
Válida: t
99 33 80 44 91 18 42 65 89 37 84 1 48 106
Route 18
FO: -62.385791
fast_of: -62.385791
Válida: t
99 11 58 9 56 46 41 93 88 25 72 17 64 42 24 71 89 19 3 50 66 1 48 106
Route 19
FO: 1.041740
fast_of: 57.748937
Válida: t
99 8 55 11 45 92 58 0 10 57 41 47 88 25 72 17 64 38 85 31 18 42 65 12 78 59 89 19 3 50 66 1 48 106
Route 20
FO: -92.622997
fast_of: -85.923123
Válida: t
99 8 55 23 70 45 92 10 57 33 80 21 68 24 42 71 12 59 89 19 3 50 66 1 48 106
Route 21
FO: 0.000000
fast_of: 4.935962
Válida: t
99 11 58 21 68 44 91 31 42 24 71 78 89 37 84 1 48 106
Route 22
FO: 40.175661
fast_of: 101.978553
Válida: t
99 8 55 11 45 92 58 0 41 47 88 25 72 21 68 7 44 91 18 42 65 54 12 59 89 19 3 50 66 1 48 106
Route 23
FO: 1.041740
fast_of: 57.748937
Válida: t
99 8 55 11 45 92 58 10 57 46 93 17 64 21 68 44 91 31 18 42 65 12 78 59 89 19 3 50 66 1 48 106
Route 24
FO: 11.412499
fast_of: 39.957755
Válida: t
99 8 55 11 58 0 47 22 69 25 72 7 44 91 18 42 65 54 12 59 89 19 3 50 66 32 79 106
Route 25
FO: -11.350785
fast_of: -4.650911
Válida: t
99 8 55 11 58 0 10 57 46 47 93 21 68 17 64 44 91 18 42 65 12 59 89 37 84 1 48 106
Route 26
FO: -101.318601
fast_of: -100.276861
Válida: t
99 8 55 17 64 21 68 44 91 18 42 65 89 37 84 106
Route 27
FO: -0.760799
fast_of: 53.354910
Válida: t
99 8 55 11 58 13 60 22 17 64 69 25 72 7 44 91 18 42 65 54 19 89 37 84 66 32 79 106
Route 28
FO: -25.250640
fast_of: -25.250640
Válida: t
99 8 55 46 41 93 88 25 72 44 91 42 24 71 89 37 84 1 48 106
Route 29
FO: 6.279396
fast_of: 13.875934
Válida: t
99 8 55 11 58 25 72 21 68 44 91 31 18 42 65 78 89 20 37 84 67 36 83 106
Route 30
FO: -7.729413
fast_of: -7.729413
Válida: t
99 8 55 46 41 93 88 25 72 44 91 42 24 71 89 19 37 84 26 66 1 73 48 106
Route 31
FO: -0.079867
fast_of: 6.620007
Válida: t
99 8 55 46 0 93 47 22 69 21 68 44 91 18 42 65 12 59 89 37 26 84 1 73 48 106
Route 32
FO: -13.281513
fast_of: 21.978459
Válida: t
99 23 8 55 45 70 92 10 57 35 82 33 80 24 42 71 89 19 37 84 66 1 48 106
Route 33
FO: 3.420927
fast_of: 28.054763
Válida: t
99 23 70 45 92 25 72 7 44 91 18 42 65 54 19 89 37 84 26 73 66 36 83 106
Route 34
FO: -27.811586
fast_of: 5.446051
Válida: t
99 8 55 11 45 92 58 0 46 47 93 21 68 44 91 18 42 65 89 37 84 26 73 106
Route 35
FO: -14.312834
fast_of: 21.733257
Válida: t
99 8 55 11 45 92 58 25 72 44 91 18 42 65 89 19 37 84 66 36 83 106
Route 36
FO: 1.041740
fast_of: 34.299377
Válida: t
99 8 55 11 45 92 58 0 10 57 46 47 93 25 72 21 68 44 91 18 24 71 42 65 89 19 37 84 66 1 48 106
Route 37
FO: 19.943705
fast_of: 75.663592
Válida: t
99 8 55 11 58 9 56 22 17 64 69 21 68 44 91 31 18 42 65 12 78 59 89 19 3 50 66 1 48 106
Route 38
FO: -33.120220
fast_of: -33.120220
Válida: t
99 11 58 9 56 41 46 93 88 25 72 17 64 42 24 71 89 19 37 84 66 1 48 106
Route 39
FO: 28.723354
fast_of: 60.993682
Válida: t
99 8 55 11 58 0 47 22 17 64 69 21 68 44 91 7 18 42 65 54 19 89 37 84 26 73 66 32 79 106
////////Airplane 6////////
Route 0
FO: -63.792887
fast_of: -63.792887
Válida: t
100 25 72 38 85 26 73 107
Route 1
FO: -62.752374
fast_of: -62.752374
Válida: t
100 29 76 25 72 38 85 26 73 107
Route 2
FO: -33.831119
fast_of: -33.831119
Válida: t
100 41 88 25 72 38 85 26 73 107
Route 3
FO: -151.658266
fast_of: -151.658266
Válida: t
100 107
Route 4
FO: -190.133629
fast_of: -190.133629
Válida: t
100 15 62 29 76 34 81 7 54 19 66 107
Route 5
FO: -175.739199
fast_of: -175.739199
Válida: t
100 15 62 41 88 34 81 7 54 19 66 107
Route 6
FO: -156.093586
fast_of: -156.093586
Válida: t
100 45 92 33 80 19 66 107
Route 7
FO: -142.218533
fast_of: -142.218533
Válida: t
100 45 92 17 64 107
Route 8
FO: -176.092479
fast_of: -176.092479
Válida: t
100 21 68 107
Route 9
FO: -164.801559
fast_of: -164.801559
Válida: t
100 25 72 21 68 107
Route 10
FO: -92.621344
fast_of: -92.621344
Válida: t
100 9 56 34 81 25 72 38 85 107
Route 11
FO: -124.948944
fast_of: -124.948944
Válida: t
100 9 56 22 69 38 85 107
Route 12
FO: -59.649882
fast_of: -59.649882
Válida: t
100 29 76 25 72 17 64 38 85 26 73 107
Route 13
FO: -117.719426
fast_of: -117.719426
Válida: t
100 15 62 42 19 89 66 107
Route 14
FO: -0.000000
fast_of: -0.000000
Válida: t
100 15 62 23 70 45 92 10 57 33 80 21 68 7 54 12 59 28 75 26 73 107
Route 15
FO: -66.449722
fast_of: -66.449722
Válida: t
100 46 93 25 72 38 85 26 73 107
Route 16
FO: -8.788395
fast_of: -8.788395
Válida: t
100 11 58 25 72 38 85 26 73 107
Route 17
FO: -24.326036
fast_of: -21.537583
Válida: t
100 15 62 25 72 38 85 26 73 36 83 107
Route 18
FO: 0.000000
fast_of: 0.000000
Válida: t
100 23 70 45 92 25 72 21 68 7 54 12 59 28 75 26 73 107
Route 19
FO: -17.840492
fast_of: -17.840492
Válida: t
100 23 70 33 80 38 85 26 73 107
Route 20
FO: -5.685902
fast_of: -5.685902
Válida: t
100 11 58 25 72 17 64 38 85 26 73 107
