Airplane 0
FO: -105.199917
fast_of: -100.778895
Válida: t
94 40 87 42 89 36 83 101
Utility: 142.980496

Airplane 1
FO: -153.633021
fast_of: -153.633021
Válida: t
95 8 55 102
Utility: 70.630585

Airplane 2
FO: -0.000000
fast_of: 20.882387
Válida: t
96 16 63 15 62 23 70 30 77 10 57 46 93 33 80 24 37 71 84 32 79 28 75 103
Utility: 1470.673701

Airplane 3
FO: -68.779755
fast_of: -40.949989
Válida: t
97 11 58 45 92 0 47 35 82 41 17 88 64 44 91 18 31 7 65 54 12 78 59 19 6 3 53 50 66 1 48 104
Utility: 3886.355264

Airplane 4

Airplane 5

Airplane 6
FO: -68.129952
fast_of: -68.129952
Válida: t
100 21 68 25 72 38 85 20 67 26 73 107
Utility: 1013.209260

