Airplane 0
FO: -31.286495
fast_of: -25.502316
Válida: t
94 15 62 23 70 0 41 47 22 69 88 40 87 20 67 101
Utility: 2339.624918

Airplane 1
FO: -50.956607
fast_of: -47.573802
Válida: t
95 45 92 46 93 17 64 3 50 36 83 102
Utility: 730.790210

Airplane 2
FO: 0.000000
fast_of: 0.000000
Válida: t
96 16 63 30 77 10 57 35 82 33 80 38 24 71 85 5 52 32 79 28 75 103
Utility: 1028.438082

Airplane 3

Airplane 4
FO: -1.849370
fast_of: -1.849370
Válida: t
98 9 56 7 31 78 54 4 51 105
Utility: 681.114330

Airplane 5
FO: 23.137702
fast_of: 23.137702
Válida: t
99 8 55 11 58 21 68 44 91 18 42 65 12 59 89 19 37 84 66 1 48 106
Utility: 2546.861353

Airplane 6

