Airplane 0
FO: -171.599779
fast_of: -150.366463
Válida: t
94 8 55 29 15 62 76 23 70 30 10 77 57 0 47 34 81 21 68 27 74 18 65 7 54 19 3 50 32 66 1 48 79 101
Utility: 2778.941389

Airplane 1

Airplane 2
FO: 0.000000
fast_of: 0.000000
Válida: t
96 16 63 13 60 46 93 33 80 24 37 71 84 28 75 103
Utility: 1095.674247

Airplane 3
FO: -150.275922
fast_of: -150.275922
Válida: t
97 35 82 17 64 25 72 38 85 31 78 20 67 104
Utility: 1179.770016

Airplane 4
FO: -4.028609
fast_of: 4.124272
Válida: t
98 26 73 36 83 105
Utility: 174.569746

Airplane 5
FO: -89.573774
fast_of: -89.573774
Válida: t
99 44 91 40 87 42 89 106
Utility: 17.067190

Airplane 6
FO: -145.536411
fast_of: -140.606242
Válida: t
100 11 58 45 92 41 22 69 88 107
Utility: 1232.559846

