Airplane 0
94 15 62 13 60 41 46 93 88 40 87 26 73 101
Tiempos:
(0.000000, 30.685709) (36.000000, 36.000000) (45.624091, 85.213695) (112.000000, 112.000000) (124.021712, 222.446127) (239.000000, 239.000000) (246.587471, 246.587471) (269.557027, 269.557027) (287.000000, 434.541842) (446.000000, 446.000000) (466.000000, 517.776632) (538.000000, 538.000000) (555.030862, 555.030862) (0.000000, 571.751719) 
Utility: 1125.636181

Airplane 1
95 23 70 45 92 0 10 57 47 17 64 14 20 6 61 3 67 53 50 36 83 102
Tiempos:
(0.000000, 25.470732) (61.000000, 61.000000) (99.512950, 171.586312) (121.112909, 316.715494) (158.816364, 473.722986) (176.397382, 175.000000) (195.078210, 193.680829) (199.132277, 197.734895) (233.448006, 272.753309) (293.000000, 293.000000) (316.000000, 344.947531) (511.000000, 511.000000) (477.000000, 516.672234) (517.000000, 527.439695) (527.000000, 538.344434) (529.000000, 543.919114) (517.000000, 573.088911) (545.000000, 590.301734) (549.000000, 591.462108) (562.000000, 598.526480) (582.794653, 619.321133) (0.000000, 636.141995) 
Utility: 2029.695784

Airplane 2
96 22 69 5 52 32 79 28 75 103
Tiempos:
(0.000000, 214.892545) (267.000000, 267.000000) (306.733843, 426.372274) (436.000000, 436.000000) (439.692289, 552.071152) (562.000000, 562.000000) (585.303511, 585.303511) (603.686830, 603.686830) (637.466610, 637.466610) (656.103775, 656.103775) 
Utility: 332.457064

Airplane 3
97 16 63 35 82 33 80 27 74 24 71 12 59 19 66 104
Tiempos:
(0.000000, 0.000000) (26.509404, 26.509404) (61.351958, 230.733259) (251.000000, 251.000000) (257.948144, 269.280252) (283.000000, 283.000000) (323.947598, 368.819816) (378.000000, 378.000000) (414.026619, 414.026619) (417.359997, 417.359997) (434.544980, 434.544980) (450.546040, 450.546040) (467.429191, 482.069415) (496.000000, 496.000000) (538.177142, 538.177142) (582.068747, 582.068747) 
Utility: 1181.618104

Airplane 4
98 9 56 7 31 78 54 4 51 105
Tiempos:
(0.000000, 90.681745) (96.000000, 96.000000) (125.519511, 380.325765) (414.000000, 414.000000) (425.446898, 425.446898) (453.304254, 453.304254) (469.353353, 469.353353) (479.106164, 479.106164) (480.227852, 480.227852) (496.355669, 496.355669) 
Utility: 681.114330

Airplane 5
99 8 55 11 58 25 72 21 68 44 91 18 42 65 89 37 84 1 48 106
Tiempos:
(0.000000, 18.975761) (28.000000, 28.000000) (57.527237, 57.527237) (68.314274, 68.314274) (111.662198, 286.761549) (300.000000, 300.000000) (317.579228, 317.579228) (331.213409, 331.213409) (352.968095, 359.237326) (371.000000, 371.000000) (380.191624, 390.158146) (402.000000, 444.476471) (451.000000, 451.000000) (471.204547, 471.204547) (495.583764, 495.583764) (505.718928, 505.718928) (538.587815, 538.587815) (568.438688, 568.438688) (609.173650, 609.173650) (623.022341, 623.022341) 
Utility: 2034.719996

Airplane 6

Total utility: 7385.241459
Tiempo total: 228.033660s
Corridas internas: 5
