Airplane 0

Airplane 1
FO: -41.754539
fast_of: -39.320613
Válida: t
95 23 70 0 10 57 41 47 88 17 64 20 3 67 50 36 83 102
Utility: 2486.750921

Airplane 2
FO: -56.888968
fast_of: -56.888968
Válida: t
96 16 63 15 62 13 60 45 92 46 93 35 82 33 80 38 85 12 59 5 52 19 66 32 79 28 75 103
Utility: 1957.102821

Airplane 3

Airplane 4
FO: 0.000000
fast_of: 0.000000
Válida: t
98 9 56 7 31 78 54 4 51 105
Utility: 681.114330

Airplane 5
FO: -1.620854
fast_of: -1.620854
Válida: t
99 8 55 11 58 21 68 44 91 18 42 65 89 37 84 1 48 106
Utility: 1925.506059

Airplane 6
FO: -44.958930
fast_of: -44.958930
Válida: t
100 22 69 25 72 26 73 107
Utility: 339.487090

