Airplane 0
FO: -0.000000
fast_of: 10.472000
V치lida: t
94 17 64 44 91 18 65 40 87 19 3 50 66 36 83 101
Utility: 1199.354858

Airplane 1

Airplane 2
FO: 0.000000
fast_of: 0.000000
V치lida: t
96 22 69 25 72 24 42 89 71 37 84 32 79 28 75 103
Utility: 725.071554

Airplane 3

Airplane 4
FO: 0.000000
fast_of: 0.000000
V치lida: t
98 16 63 11 58 9 56 46 41 93 88 21 68 105
Utility: 1546.201675

Airplane 5

Airplane 6
FO: 60.341148
fast_of: 71.285478
V치lida: t
100 8 55 15 62 23 70 30 10 57 77 0 47 35 82 33 80 31 7 54 12 59 20 78 67 26 73 1 48 107
Utility: 3406.676991

