Airplane 0
FO: -30.058697
fast_of: -30.058697
Válida: t
94 15 62 13 60 41 88 40 87 20 67 101
Utility: 1398.872608

Airplane 1
FO: 13.679679
fast_of: 18.425158
Válida: t
95 23 70 0 10 57 46 93 47 17 64 28 3 75 50 36 83 102
Utility: 1566.855345

Airplane 2

Airplane 3
FO: -43.390788
fast_of: -43.390788
Válida: t
97 16 63 35 82 33 80 27 74 24 71 12 59 19 66 104
Utility: 1181.618104

Airplane 4
FO: 0.000000
fast_of: 0.000000
Válida: t
98 9 56 7 31 78 54 4 51 105
Utility: 681.114330

Airplane 5
FO: -79.361792
fast_of: -79.361792
Válida: t
99 21 68 44 91 18 42 65 89 37 84 1 48 106
Utility: 1242.975613

Airplane 6
FO: 0.000000
fast_of: 25.697596
Válida: t
100 8 11 55 45 92 58 25 72 38 85 26 73 107
Utility: 989.132065

