Airplane 0
FO: 0.000000
fast_of: 0.000000
Válida: t
94 15 62 13 60 41 88 40 87 20 67 101
Utility: 1398.872608

Airplane 1
FO: -26.840218
fast_of: -22.318175
Válida: t
95 23 70 0 10 57 47 17 64 3 50 36 83 102
Utility: 1216.669193

Airplane 2
FO: -40.647210
fast_of: -40.647210
Válida: t
96 45 92 22 69 5 52 32 79 28 75 103
Utility: 554.353179

Airplane 3
FO: -15.689256
fast_of: -15.689256
Válida: t
97 16 63 35 82 33 80 27 74 24 71 12 59 19 66 104
Utility: 1181.618104

Airplane 4
FO: 0.000000
fast_of: 0.000000
Válida: t
98 9 56 7 31 78 54 4 51 105
Utility: 681.114330

Airplane 5
FO: -16.159724
fast_of: -16.159724
Válida: t
99 8 55 11 58 21 68 44 91 18 42 65 89 37 84 1 48 106
Utility: 1925.506059

Airplane 6
FO: -30.170111
fast_of: -30.170111
Válida: t
100 46 93 25 72 38 85 26 73 107
Utility: 465.663644

