Airplane 0
FO: -47.450960
fast_of: -47.450960
Válida: t
94 15 62 13 60 41 88 40 87 20 67 101
Utility: 1398.872608

Airplane 1
FO: 0.000000
fast_of: 4.289900
Válida: t
95 45 92 0 10 57 46 93 47 17 64 3 6 53 50 36 83 102
Utility: 1410.583635

Airplane 2
FO: -67.594135
fast_of: -67.594135
Válida: t
96 22 69 5 52 32 79 28 75 103
Utility: 332.457064

Airplane 3
FO: -13.056515
fast_of: -13.056515
Válida: t
97 16 63 35 82 33 80 27 74 24 71 12 59 19 66 104
Utility: 1181.618104

Airplane 4
FO: 0.000000
fast_of: 0.000000
Válida: t
98 9 56 7 31 78 54 4 51 105
Utility: 681.114330

Airplane 5
FO: 0.000000
fast_of: 3.251188
Válida: t
99 8 55 11 58 21 68 44 91 18 42 65 89 37 84 1 48 106
Utility: 1925.506059

Airplane 6
FO: -26.732204
fast_of: -26.732204
Válida: t
100 23 70 25 72 38 85 26 73 107
Utility: 521.487888

