Airplane 0
FO: 0.000000
fast_of: 0.000000
Válida: t
94 15 62 13 60 41 88 40 87 20 67 101
Utility: 1398.872608

Airplane 1
FO: -0.000000
fast_of: 3.259514
Válida: t
95 16 63 23 70 0 10 57 46 93 47 22 69 17 64 24 71 28 3 75 50 36 83 102
Utility: 1938.660345

Airplane 2
FO: -98.984762
fast_of: -98.984762
Válida: t
96 30 77 45 92 33 80 5 52 32 79 103
Utility: 647.957623

Airplane 3

Airplane 4
FO: 0.000000
fast_of: 0.000000
Válida: t
98 9 56 7 31 78 54 4 51 105
Utility: 681.114330

Airplane 5
FO: 0.000000
fast_of: 3.634888
Válida: t
99 8 55 11 58 21 68 44 91 18 42 65 12 59 89 19 37 84 66 1 48 106
Utility: 2546.861353

Airplane 6
FO: -76.749533
fast_of: -76.749533
Válida: t
100 29 76 25 72 38 85 26 73 107
Utility: 285.897337

