Airplane 0

Airplane 1
FO: 0.000000
fast_of: 9.556033
Válida: t
95 15 62 23 70 0 10 57 41 47 22 69 88 25 72 5 52 40 87 6 19 3 53 50 66 36 83 102
Utility: 2592.592140

Airplane 2
FO: -149.634530
fast_of: -149.634530
Válida: t
96 30 77 45 92 20 67 32 79 28 75 103
Utility: 924.731761

Airplane 3
FO: -0.000000
fast_of: -0.000000
Válida: t
97 16 63 35 82 33 80 27 74 24 71 12 59 104
Utility: 681.361712

Airplane 4
FO: 0.000000
fast_of: 0.000000
Válida: t
98 9 56 7 31 78 54 4 51 105
Utility: 681.114330

Airplane 5
FO: -8.707103
fast_of: -8.707103
Válida: t
99 8 55 11 58 21 68 44 91 18 42 65 89 37 84 1 48 106
Utility: 1925.506059

Airplane 6
FO: -12.413125
fast_of: -12.413125
Válida: t
100 13 60 17 64 38 85 26 73 107
Utility: 474.350414

