Airplane 0
FO: -45.923241
fast_of: -45.923241
Válida: t
94 15 62 16 63 13 60 33 80 25 72 38 27 85 12 59 74 24 71 20 67 101
Utility: 1534.304862

Airplane 1
FO: -77.465673
fast_of: -74.787947
Válida: t
95 45 92 17 64 28 26 75 73 36 83 102
Utility: 775.780804

Airplane 2
FO: -70.707678
fast_of: -70.707678
Válida: t
96 23 70 30 77 10 57 46 93 22 69 5 52 32 79 103
Utility: 559.769409

Airplane 3

Airplane 4
FO: -91.745402
fast_of: -91.745402
Válida: t
98 9 56 0 41 47 88 7 31 78 54 4 51 105
Utility: 1937.851922

Airplane 5
FO: -3.591409
fast_of: -3.591409
Válida: t
99 8 55 11 58 21 68 44 91 18 42 65 89 19 37 84 66 1 48 106
Utility: 2459.203493

Airplane 6

