Airplane 0
FO: 0.000000
fast_of: 0.000000
Válida: t
94 15 62 13 60 41 88 40 87 20 67 101
Utility: 1398.872608

Airplane 1
FO: 0.000000
fast_of: 3.713679
Válida: t
95 45 92 0 10 57 46 93 47 22 69 17 64 38 85 36 83 102
Utility: 1574.343878

Airplane 2
FO: -90.268954
fast_of: -90.268954
Válida: t
96 25 72 5 52 32 79 28 75 103
Utility: 269.335459

Airplane 3
FO: -43.845097
fast_of: -43.845097
Válida: t
97 16 63 35 82 33 80 27 74 24 71 12 59 19 66 104
Utility: 1181.618104

Airplane 4
FO: 0.000000
fast_of: 0.000000
Válida: t
98 9 56 7 31 78 54 4 51 105
Utility: 681.114330

Airplane 5
FO: -42.501228
fast_of: -42.501228
Válida: t
99 8 55 11 58 21 68 44 91 18 42 65 89 37 84 1 48 106
Utility: 1925.506059

Airplane 6
FO: -93.477673
fast_of: -93.477673
Válida: t
100 23 70 26 3 50 73 107
Utility: 364.279123

