Airplane 0
FO: -30.790077
fast_of: -30.790077
Válida: t
94 15 62 11 58 9 56 0 47 22 69 21 68 38 85 101
Utility: 1422.836185

Airplane 1

Airplane 2

Airplane 3
FO: 0.000000
fast_of: 0.000000
Válida: t
97 35 82 33 80 27 74 24 71 12 59 19 66 1 48 28 75 104
Utility: 1793.002475

Airplane 4
FO: -121.095609
fast_of: -117.555407
Válida: t
98 26 73 36 83 32 79 105
Utility: 249.285066

Airplane 5
FO: -113.670348
fast_of: -113.670348
Válida: t
99 44 91 31 42 89 78 106
Utility: 292.078073

Airplane 6
FO: -30.225472
fast_of: 66.761625
Válida: t
100 8 55 23 70 10 57 46 93 22 41 17 88 25 72 69 64 18 7 65 54 20 3 67 50 107
Utility: 2644.372609

