Airplane 0
FO: -20.901919
fast_of: -20.901919
Válida: t
94 21 68 17 64 101
Utility: 316.327884

Airplane 1
FO: -5.907009
fast_of: -2.391764
Válida: t
95 11 58 9 56 41 88 38 85 4 51 40 87 3 28 75 50 36 83 102
Utility: 1529.916728

Airplane 2
FO: -105.104324
fast_of: -105.104324
Válida: t
96 30 77 45 92 103
Utility: 95.368392

Airplane 3

Airplane 4

Airplane 5
FO: -58.196646
fast_of: -58.196646
Válida: t
99 33 80 24 42 89 71 37 19 84 66 106
Utility: 1107.342219

Airplane 6
FO: 48.277785
fast_of: 78.491598
Válida: t
100 8 55 15 62 23 70 30 77 10 57 46 93 0 47 22 69 25 34 81 72 44 91 18 31 7 65 54 12 59 20 78 67 26 73 1 48 107
Utility: 3569.600947

