Airplane 0
FO: 0.000000
fast_of: 0.000000
Válida: t
94 4 51 40 87 19 3 50 66 1 48 101
Utility: 1229.674516

Airplane 1
FO: 15.017741
fast_of: 62.811090
Válida: t
95 8 55 23 70 45 92 10 57 46 93 41 17 88 25 72 64 27 38 74 18 65 85 5 52 37 84 28 75 32 79 102
Utility: 2427.548536

Airplane 2
FO: -149.889142
fast_of: -149.889142
Válida: t
96 7 54 12 59 103
Utility: 158.944398

Airplane 3

Airplane 4

Airplane 5
FO: 0.000000
fast_of: 1.655611
Válida: t
99 22 69 21 68 44 91 24 42 71 89 36 83 106
Utility: 484.562366

Airplane 6
FO: -57.141315
fast_of: -27.720520
Válida: t
100 16 63 11 58 9 56 0 47 33 80 31 20 78 67 26 73 107
Utility: 2551.685781

