Airplane 0

Airplane 1
FO: -53.638516
fast_of: -51.908619
Válida: t
95 23 70 0 10 57 47 17 64 3 50 36 83 102
Utility: 1216.669193

Airplane 2
FO: -84.356664
fast_of: -84.356664
Válida: t
96 16 63 30 77 45 92 5 52 28 75 32 79 103
Utility: 535.050966

Airplane 3
FO: -36.332696
fast_of: -36.332696
Válida: t
97 35 82 33 80 27 74 24 71 12 59 19 66 104
Utility: 1018.373079

Airplane 4
FO: -0.000000
fast_of: -0.000000
Válida: t
98 9 56 7 31 78 54 4 51 105
Utility: 681.114330

Airplane 5
FO: 5.305970
fast_of: 8.820445
Válida: t
99 8 55 11 58 46 41 93 88 25 72 21 68 44 91 18 42 65 89 20 37 84 67 1 48 106
Utility: 3470.747448

Airplane 6
FO: 0.000000
fast_of: 0.000000
Válida: t
100 13 60 22 69 38 85 26 73 107
Utility: 405.291376

