Airplane 0
156 15 93 39 117 73 151 0 41 78 119 34 112 55 133 71 77 149 155 163
Utility: 1176.625471

Airplane 1
157 66 144 1 79 6 84 36 114 164
Utility: 575.218268

Airplane 2
158 52 130 16 46 94 124 61 139 35 113 59 137 25 103 24 102 42 120 165
Utility: 1378.027610

Airplane 3
159 11 89 67 30 108 10 88 145 56 134 41 119 54 132 71 149 20 98 76 154 166
Utility: 1567.217639

Airplane 4
160 64 142 48 126 23 101 9 87 53 131 65 143 41 22 119 100 69 18 96 147 68 146 19 50 128 97 167
Utility: 1592.242729

Airplane 5
161 33 111 27 105 51 129 74 5 152 83 37 115 32 110 168
Utility: 561.700019

Airplane 6
162 62 140 75 153 17 95 27 105 31 109 169
Utility: 110.217275

