Airplane 0
156 39 117 73 151 0 56 134 41 78 34 119 112 25 103 69 147 19 97 163
Utility: 1894.486849

Airplane 1
157 70 148 7 85 68 146 3 81 164
Utility: 57.587775

Airplane 2
158 40 118 31 109 20 98 165
Utility: 484.606778

Airplane 3
159 33 111 54 132 24 102 37 115 166
Utility: 178.513792

Airplane 4
160 52 130 46 124 61 139 59 137 167
Utility: 850.725520

Airplane 5
161 27 105 77 74 152 155 47 125 50 128 32 110 26 104 76 154 168
Utility: 701.320195

Airplane 6
162 23 101 67 145 65 143 75 153 55 133 71 149 66 144 6 84 1 79 45 123 169
Utility: 1738.198409

