Airplane 0
156 48 46 126 124 73 151 0 56 134 41 78 34 119 112 25 103 24 102 163
Utility: 1502.746903

Airplane 1

Airplane 2
158 77 155 40 118 42 120 6 84 165
Utility: 906.944431

Airplane 3
159 59 137 72 150 54 132 24 102 71 149 37 115 1 79 166
Utility: 669.460532

Airplane 4
160 52 130 9 87 61 139 22 100 69 147 167
Utility: 731.822609

Airplane 5
161 19 97 26 104 76 154 168
Utility: 623.514497

Airplane 6
162 23 101 67 145 65 143 75 153 55 133 27 105 66 144 68 146 20 98 45 123 169
Utility: 2214.410192

