Airplane 0
156 15 93 39 117 73 151 0 41 78 34 119 112 25 103 69 147 51 129 163
Utility: 713.754972

Airplane 1
157 52 130 46 67 124 61 139 145 65 143 53 131 17 95 55 133 54 27 132 105 77 66 144 68 155 146 6 19 3 84 81 97 36 114 164
Utility: 3128.722562

Airplane 2
158 40 118 42 120 26 104 76 154 165
Utility: 484.968597

Airplane 3

Airplane 4

Airplane 5
161 8 86 11 89 58 136 56 134 35 62 140 113 33 111 27 54 132 105 24 102 37 115 168
Utility: 1270.244676

Airplane 6
162 48 16 126 94 23 101 10 88 60 138 0 78 2 80 22 100 75 153 70 148 44 122 18 31 71 149 109 96 20 98 1 32 110 79 45 123 169
Utility: 2180.530129

