Airplane 0
156 48 126 46 124 73 151 0 56 134 41 78 119 25 103 71 149 163
Utility: 1818.601517

Airplane 1

Airplane 2
158 40 118 42 120 6 84 1 79 165
Utility: 561.854095

Airplane 3
159 72 150 54 132 24 102 37 115 19 97 166
Utility: 614.240973

Airplane 4
160 52 130 67 145 61 139 59 137 22 100 69 147 167
Utility: 1259.253385

Airplane 5
161 33 111 51 129 74 152 20 98 32 110 26 104 76 154 168
Utility: 1138.648105

Airplane 6
162 23 101 30 108 65 143 75 153 55 133 27 77 105 66 144 68 146 155 169
Utility: 1377.323953

