Airplane 0
156 15 93 39 117 0 78 22 34 100 112 25 103 27 105 77 155 163
Utility: 1422.899038

Airplane 1
157 66 144 1 79 26 104 36 114 164
Utility: 479.796638

Airplane 2
158 40 118 68 146 37 115 165
Utility: 169.793704

Airplane 3
159 61 139 56 134 41 119 54 132 24 102 20 98 166
Utility: 1159.959147

Airplane 4
160 64 16 142 94 23 101 9 87 56 134 59 137 33 111 69 51 129 147 167
Utility: 1410.297760

Airplane 5
161 19 3 81 97 32 110 168
Utility: 427.853128

Airplane 6
162 46 124 67 10 88 145 65 143 75 153 70 148 44 122 31 71 149 109 6 84 45 123 169
Utility: 1330.810188

