Airplane 0
156 46 124 73 151 0 56 134 41 78 34 119 112 17 95 163
Utility: 1730.992682

Airplane 1
157 33 111 7 85 51 129 6 84 1 79 164
Utility: 751.215054

Airplane 2
158 77 155 40 118 42 120 14 92 45 123 165
Utility: 602.774866

Airplane 3
159 72 150 54 132 24 102 71 149 37 115 3 81 166
Utility: 468.798552

Airplane 4
160 52 130 48 126 9 87 59 137 25 103 69 147 19 97 167
Utility: 1068.827064

Airplane 5
161 74 5 152 83 20 98 32 110 26 104 76 154 168
Utility: 1050.676630

Airplane 6
162 23 101 67 145 65 143 75 153 55 133 27 105 66 144 68 146 169
Utility: 1767.322883

