Airplane 0
156 15 93 39 117 73 151 60 138 0 78 22 34 25 112 100 103 24 102 51 74 152 5 83 129 47 125 37 115 32 110 163
Utility: 1661.796665

Airplane 1
157 11 89 67 145 56 134 33 111 77 66 144 68 155 146 40 118 6 3 81 84 164
Utility: 2303.673825

Airplane 2

Airplane 3
159 9 87 61 139 41 119 71 149 20 98 1 79 76 154 166
Utility: 1256.004886

Airplane 4
160 64 16 46 142 48 126 94 124 58 136 59 137 55 133 17 95 69 54 132 31 7 147 85 109 19 97 36 114 167
Utility: 1724.464555

Airplane 5

Airplane 6
162 23 101 10 88 65 143 75 153 27 105 169
Utility: 899.189918

