Airplane 0
156 15 93 39 117 73 151 0 41 78 34 119 112 25 103 69 24 102 147 47 125 163
Utility: 1478.290651

Airplane 1
157 70 148 7 85 77 155 6 84 36 114 76 154 164
Utility: 407.244612

Airplane 2
158 16 94 23 101 58 136 22 100 75 153 55 133 51 129 40 118 42 120 20 98 1 32 110 79 165
Utility: 2024.205546

Airplane 3
159 8 86 11 89 13 91 61 139 53 131 56 134 35 113 33 111 27 54 132 105 77 66 144 68 155 146 40 118 3 37 26 115 104 81 32 110 166
Utility: 1216.131332

Airplane 4
160 52 130 46 67 124 145 65 59 143 137 25 103 27 71 105 149 167
Utility: 974.378462

Airplane 5
161 31 109 19 97 32 110 168
Utility: 232.010224

Airplane 6

