Airplane 0
156 15 93 39 117 73 151 0 56 134 41 78 34 119 112 25 103 69 147 77 155 47 125 163
Utility: 1635.264024

Airplane 1
157 7 85 51 129 20 98 1 79 164
Utility: 741.042917

Airplane 2

Airplane 3
159 72 150 54 132 24 102 71 149 37 115 3 81 166
Utility: 468.798552

Airplane 4
160 64 142 48 126 46 124 9 87 53 131 25 103 69 147 19 97 167
Utility: 777.050491

Airplane 5
161 74 5 152 83 6 84 32 110 26 104 76 154 168
Utility: 855.041022

Airplane 6
162 23 101 67 145 61 139 65 143 41 55 119 133 27 105 66 144 68 146 169
Utility: 1845.241581

