Airplane 0
156 52 130 46 124 73 151 0 41 78 119 27 105 77 155 47 125 163
Utility: 1719.847205

Airplane 1
157 70 148 7 85 24 102 164
Utility: 59.913708

Airplane 2
158 40 118 1 79 165
Utility: 188.867773

Airplane 3
159 11 89 61 139 34 112 17 95 71 149 37 115 76 154 166
Utility: 1232.878897

Airplane 4
160 64 142 48 126 23 101 9 87 53 131 25 103 69 51 129 147 19 97 167
Utility: 1266.729541

Airplane 5
161 74 152 5 83 20 98 26 104 3 81 32 110 168
Utility: 784.423427

Airplane 6
162 67 145 65 143 59 137 55 133 54 132 66 144 68 146 6 84 169
Utility: 1457.210295

