Airplane 0
156 15 93 39 117 73 151 0 41 78 22 100 119 25 103 163
Utility: 960.243189

Airplane 1
157 27 105 51 129 19 3 81 97 164
Utility: 706.915339

Airplane 2

Airplane 3
159 23 101 61 139 59 137 33 111 24 102 1 79 6 84 166
Utility: 1362.851249

Airplane 4
160 64 142 48 126 9 87 167
Utility: 100.441998

Airplane 5
161 16 46 124 94 11 89 58 136 65 143 53 131 17 95 55 133 54 132 77 66 144 68 155 146 40 4 82 118 3 37 26 115 32 81 104 76 154 110 168
Utility: 3050.778684

Airplane 6
162 67 10 88 145 65 143 75 153 70 148 44 122 31 71 149 109 20 98 45 123 169
Utility: 947.225397

