Airplane 0

Airplane 1
157 41 119 27 105 66 144 26 104 76 154 164
Utility: 1191.907775

Airplane 2
158 77 155 40 118 42 120 165
Utility: 661.118381

Airplane 3
159 67 30 108 10 88 145 56 134 35 113 59 137 49 127 72 150 54 132 24 102 20 98 1 79 166
Utility: 1410.740313

Airplane 4
160 64 46 142 48 124 126 9 87 53 131 25 103 69 147 19 97 167
Utility: 1059.655325

Airplane 5
161 74 152 5 83 37 20 115 98 3 81 32 110 168
Utility: 237.529558

Airplane 6
162 23 101 30 108 65 143 75 153 70 148 44 122 31 71 149 109 6 84 45 123 169
Utility: 1024.488021

