Airplane 0
156 39 117 73 151 0 56 134 41 78 34 119 112 25 103 69 147 77 155 19 97 76 154 163
Utility: 1695.216738

Airplane 1
157 41 119 44 122 7 85 68 146 20 98 36 114 164
Utility: 417.519240

Airplane 2
158 40 118 1 79 165
Utility: 188.867773

Airplane 3
159 33 111 54 132 24 102 37 115 166
Utility: 464.563792

Airplane 4
160 64 142 46 48 126 124 9 87 59 137 25 103 167
Utility: 683.027649

Airplane 5
161 74 152 47 125 50 26 128 104 32 110 168
Utility: 275.725424

Airplane 6
162 23 101 67 145 65 143 75 153 55 133 71 149 27 77 105 66 144 155 6 84 169
Utility: 1542.730171

