Airplane 0
156 15 93 16 94 73 151 0 56 134 65 78 143 25 103 27 105 163
Utility: 1596.303090

Airplane 1
157 33 111 77 66 144 155 40 118 20 98 32 110 164
Utility: 1094.254853

Airplane 2

Airplane 3
159 67 61 145 139 41 119 22 100 71 149 54 132 68 146 1 79 166
Utility: 1657.749949

Airplane 4
160 64 46 142 48 124 126 9 87 53 131 17 95 69 147 167
Utility: 935.579049

Airplane 5
161 51 129 24 20 102 98 3 6 84 81 76 154 168
Utility: 786.182120

Airplane 6
162 8 86 11 89 58 136 59 137 55 133 18 31 96 109 169
Utility: 953.124863

