Airplane 0
156 15 93 39 117 73 151 0 56 134 41 78 34 119 112 25 103 69 147 47 125 163
Utility: 1471.352493

Airplane 1
157 7 85 66 144 6 84 164
Utility: 249.591189

Airplane 2
158 77 155 40 118 42 120 1 79 165
Utility: 916.185521

Airplane 3
159 67 30 108 145 61 139 59 137 49 127 72 150 54 132 71 149 20 37 115 98 76 154 166
Utility: 1378.237422

Airplane 4
160 52 130 9 87 53 131 17 95 18 96 19 97 167
Utility: 366.225481

Airplane 5
161 64 16 46 142 48 94 126 124 58 136 59 137 33 111 27 105 24 102 74 5 152 83 68 146 26 3 104 81 32 110 168
Utility: 1786.789599

Airplane 6
162 23 101 10 88 65 143 41 119 55 133 51 129 169
Utility: 652.291647

