Airplane 0
156 15 93 39 117 73 151 0 56 134 78 34 112 25 103 24 102 77 155 47 125 163
Utility: 1641.412693

Airplane 1
157 17 95 27 69 105 147 164
Utility: 99.467926

Airplane 2
158 40 118 42 120 6 84 26 104 76 154 165
Utility: 768.013116

Airplane 3
159 11 89 9 87 41 33 119 111 54 132 24 37 102 115 1 79 166
Utility: 1215.100396

Airplane 4
160 64 46 142 48 124 126 61 139 59 137 55 133 51 129 19 97 167
Utility: 1148.774289

Airplane 5
161 18 24 102 74 5 152 83 96 68 146 3 81 36 114 168
Utility: 269.151375

Airplane 6
162 23 101 67 145 65 143 75 153 22 100 71 149 27 105 20 98 32 110 169
Utility: 1814.198821

