Airplane 0
156 16 94 73 151 0 56 134 41 78 34 119 112 25 103 18 96 19 97 163
Utility: 1014.519647

Airplane 1
157 27 77 105 4 82 155 47 125 26 104 50 128 36 114 164
Utility: 1141.439937

Airplane 2
158 40 118 42 120 1 79 165
Utility: 254.276551

Airplane 3
159 67 145 61 139 59 137 33 111 24 102 20 98 76 154 166
Utility: 1054.062939

Airplane 4
160 64 142 48 126 15 93 9 87 53 131 25 103 69 147 68 146 167
Utility: 480.718697

Airplane 5
161 74 152 5 83 37 115 3 81 168
Utility: 53.894265

Airplane 6
162 23 101 67 145 65 143 75 153 70 148 44 122 31 71 149 109 6 84 45 123 169
Utility: 994.970076

