Airplane 0
156 52 130 46 67 124 73 151 145 0 65 143 78 22 34 100 112 25 103 54 132 31 7 4 82 85 109 163
Utility: 1484.756643

Airplane 1
157 17 34 112 95 69 147 66 144 6 26 84 104 76 154 164
Utility: 974.497428

Airplane 2
158 40 118 42 120 1 79 165
Utility: 254.276551

Airplane 3

Airplane 4
160 64 142 48 126 23 101 9 87 56 65 134 41 143 119 34 112 55 133 18 71 149 51 96 74 129 152 167
Utility: 2004.639842

Airplane 5
161 16 94 11 89 61 139 59 137 33 111 24 102 20 98 19 3 81 97 36 114 168
Utility: 2133.710040

Airplane 6

