Airplane 0
156 15 93 46 124 73 151 0 78 34 112 25 103 69 147 19 97 163
Utility: 1534.176956

Airplane 1

Airplane 2
158 77 155 40 118 42 120 26 104 165
Utility: 819.375261

Airplane 3
159 67 145 61 139 41 119 54 132 24 102 20 98 1 79 76 154 166
Utility: 2140.905084

Airplane 4
160 52 130 48 126 9 87 53 131 33 111 27 105 68 146 167
Utility: 608.188111

Airplane 5
161 74 5 83 152 37 3 81 115 168
Utility: 102.217644

Airplane 6
162 23 101 10 88 30 108 56 65 134 143 75 153 70 148 44 122 31 71 149 109 63 141 6 84 45 123 169
Utility: 1376.623170

