Airplane 0
156 15 93 46 124 73 151 0 78 22 34 112 25 103 100 69 147 19 97 163
Utility: 1361.826849

Airplane 1
157 33 111 27 105 51 129 6 84 164
Utility: 362.434580

Airplane 2
158 77 155 40 118 42 120 26 104 165
Utility: 58.734261

Airplane 3
159 23 101 67 145 61 139 41 119 27 54 132 105 24 102 20 37 115 98 166
Utility: 1643.032697

Airplane 4
160 52 48 126 130 9 87 59 137 17 95 69 147 167
Utility: 664.002133

Airplane 5
161 74 5 152 83 47 125 1 79 76 154 168
Utility: 528.123145

Airplane 6
162 10 88 56 134 65 143 75 153 55 133 27 105 66 144 68 146 169
Utility: 921.711136

