Airplane 0
156 15 93 39 117 73 151 0 41 78 34 119 112 25 103 69 147 47 125 163
Utility: 1074.128206

Airplane 1
157 33 111 7 85 20 98 3 81 1 79 164
Utility: 836.134186

Airplane 2
158 40 118 19 97 165
Utility: 254.269989

Airplane 3
159 46 16 94 124 61 139 56 134 41 22 119 100 71 149 37 115 166
Utility: 1267.704942

Airplane 4

Airplane 5
161 27 105 77 74 152 155 50 128 32 110 26 104 76 154 168
Utility: 1636.295288

Airplane 6
162 23 101 67 145 65 143 59 137 55 133 51 129 66 144 68 146 45 123 169
Utility: 1467.858061

