Airplane 0
156 15 93 46 124 73 151 0 56 134 78 59 137 25 103 163
Utility: 1389.081383

Airplane 1
157 70 148 7 85 51 129 6 84 164
Utility: 285.607448

Airplane 2
158 24 102 40 118 42 120 20 98 165
Utility: 658.926059

Airplane 3
159 11 89 58 136 34 112 17 95 18 96 37 115 76 154 166
Utility: 795.212144

Airplane 4
160 52 130 16 94 9 87 65 143 41 119 69 147 19 97 167
Utility: 1258.479341

Airplane 5
161 74 152 1 79 26 104 36 114 168
Utility: 383.999034

Airplane 6
162 23 101 67 145 65 143 75 153 55 133 27 77 105 66 144 68 146 155 169
Utility: 2288.493008

