Airplane 0
156 11 89 73 151 0 56 134 78 22 100 163
Utility: 508.159178

Airplane 1
157 7 85 51 129 6 84 164
Utility: 273.886890

Airplane 2

Airplane 3
159 46 16 94 124 67 145 56 59 134 137 34 112 17 95 71 72 150 149 24 102 20 19 37 115 98 97 1 79 76 154 166
Utility: 2901.928037

Airplane 4
160 52 130 48 126 9 87 53 131 25 103 27 105 167
Utility: 440.592875

Airplane 5
161 33 111 77 155 3 81 32 110 26 104 36 114 168
Utility: 397.261211

Airplane 6
162 23 101 61 139 65 143 41 119 55 133 27 105 66 144 68 146 20 98 169
Utility: 1446.460647

