Airplane 0
156 52 130 39 117 67 10 145 88 0 41 78 34 119 112 25 103 27 105 18 51 96 5 83 129 6 37 50 115 128 84 32 110 76 154 163
Utility: 1587.987796

Airplane 1

Airplane 2
158 27 105 40 118 42 120 26 104 1 79 165
Utility: 361.318199

Airplane 3
159 49 127 17 95 27 105 54 132 68 146 3 19 97 81 166
Utility: 480.066015

Airplane 4
160 64 142 48 126 61 139 41 22 100 119 167
Utility: 367.987225

Airplane 5
161 16 46 124 94 11 89 58 136 53 131 56 134 33 111 27 105 24 102 47 125 36 114 168
Utility: 1339.936805

Airplane 6
162 23 101 10 88 59 137 55 133 71 149 27 105 66 144 20 98 45 123 169
Utility: 1369.056859

