Airplane 0
156 8 86 39 117 73 151 0 56 134 41 78 34 119 112 25 103 54 132 18 24 102 51 96 5 83 129 4 82 68 146 6 84 36 114 163
Utility: 2008.138732

Airplane 1

Airplane 2
158 55 133 27 105 42 120 20 19 37 115 98 97 76 154 165
Utility: 741.342279

Airplane 3
159 46 16 94 124 61 139 22 100 71 77 149 155 40 118 166
Utility: 1086.048377

Airplane 4
160 64 142 9 87 59 137 17 95 69 147 167
Utility: 529.770583

Airplane 5
161 74 152 47 125 50 128 32 110 26 104 168
Utility: 251.201141

Airplane 6
162 48 126 23 101 67 10 88 145 65 143 35 113 62 140 33 111 77 66 144 155 1 79 45 123 169
Utility: 1297.097572

