Airplane 0
156 16 94 23 101 67 145 163
Utility: 415.468237

Airplane 1
157 77 155 1 79 26 104 164
Utility: 946.964784

Airplane 2
158 11 89 61 139 56 75 134 153 165
Utility: 665.730692

Airplane 3
159 41 119 34 112 72 150 54 132 24 102 71 149 20 98 76 154 166
Utility: 1699.745240

Airplane 4
160 64 142 48 126 46 124 9 87 53 131 25 103 69 147 68 146 19 97 167
Utility: 1427.515206

Airplane 5
161 74 152 5 83 37 115 32 110 168
Utility: 194.041063

Airplane 6
162 10 88 65 143 33 111 27 105 31 109 6 84 169
Utility: 962.146307

