Airplane 0
156 37 115 26 104 32 110 76 154 163
Utility: 574.621766

Airplane 1
157 52 16 130 67 94 13 91 61 145 139 60 138 41 59 137 119 25 103 27 105 68 7 85 74 152 47 125 146 164
Utility: 2002.574602

Airplane 2
158 48 46 126 124 23 101 58 136 56 65 134 143 22 34 112 25 100 103 27 105 77 18 96 68 155 146 19 97 76 154 165
Utility: 3290.008357

Airplane 3
159 8 86 9 87 53 131 17 95 55 133 54 132 27 105 66 144 68 146 6 3 81 84 166
Utility: 941.207278

Airplane 4

Airplane 5
161 0 56 78 134 33 111 24 102 69 147 40 118 42 120 20 98 168
Utility: 1271.834040

Airplane 6

