Airplane 0
156 46 124 67 145 163
Utility: 449.074560

Airplane 1
157 77 155 47 125 26 104 50 128 164
Utility: 669.006257

Airplane 2
158 23 101 61 139 65 143 165
Utility: 644.416885

Airplane 3
159 41 119 34 112 72 150 54 132 71 149 20 98 76 154 166
Utility: 1256.109584

Airplane 4
160 64 142 48 126 15 93 29 107 9 87 53 131 25 103 69 147 68 146 19 97 167
Utility: 1055.572475

Airplane 5
161 74 152 5 83 12 90 37 115 3 81 168
Utility: 40.499031

Airplane 6
162 56 134 75 153 27 31 105 109 6 84 1 79 169
Utility: 1279.193428

