Airplane 0
156 16 94 11 89 163
Utility: 267.035808

Airplane 1
157 33 111 51 129 6 84 164
Utility: 407.541950

Airplane 2
158 23 101 61 139 56 134 165
Utility: 817.750714

Airplane 3
159 17 95 27 105 54 132 24 102 20 98 1 79 166
Utility: 1459.379090

Airplane 4
160 64 142 48 126 9 87 41 119 55 133 69 147 68 146 19 97 167
Utility: 1338.571704

Airplane 5
161 74 152 40 118 37 3 81 115 168
Utility: 227.276176

Airplane 6
162 46 67 124 73 151 145 10 88 0 78 59 137 25 103 71 77 149 66 144 155 26 32 104 110 76 154 169
Utility: 2608.142471

