Airplane 0
156 52 130 16 94 11 89 58 136 60 138 65 143 53 131 75 153 55 133 51 129 74 152 40 4 82 118 20 98 76 154 163
Utility: 1615.049817

Airplane 1
157 59 137 70 148 7 68 85 146 1 79 26 104 164
Utility: 759.046258

Airplane 2
158 23 101 9 87 165
Utility: 327.360764

Airplane 3
159 56 134 41 34 112 119 25 103 54 132 24 102 37 6 84 115 166
Utility: 1802.322929

Airplane 4
160 64 46 142 48 126 67 124 61 145 139 22 100 69 147 19 3 81 97 167
Utility: 1875.879992

Airplane 5
161 17 95 27 77 105 18 155 96 168
Utility: 740.883734

Airplane 6

