Airplane 0
156 52 130 46 124 73 151 163
Utility: 413.831134

Airplane 1

Airplane 2
158 40 118 42 120 20 98 165
Utility: 465.217585

Airplane 3
159 11 89 67 61 145 139 65 143 22 100 25 103 27 105 24 102 77 66 144 68 155 146 26 104 76 154 166
Utility: 3294.623974

Airplane 4
160 64 142 48 15 93 126 9 87 53 131 25 103 69 147 167
Utility: 353.429398

Airplane 5
161 58 136 60 138 59 137 33 111 54 132 18 96 51 129 6 37 115 84 32 110 168
Utility: 1466.088697

Airplane 6
162 16 94 23 101 10 88 0 78 75 153 34 112 44 122 31 109 19 3 81 97 1 79 45 123 169
Utility: 1588.485128

