Airplane 0
156 46 124 67 145 163
Utility: 449.074560

Airplane 1
157 70 148 44 122 7 85 68 146 63 141 6 84 164
Utility: 216.322643

Airplane 2
158 40 118 42 120 3 81 76 154 28 106 165
Utility: 318.121202

Airplane 3
159 72 150 54 132 24 102 77 155 37 115 1 79 166
Utility: 944.435941

Airplane 4
160 52 130 48 9 126 87 41 119 69 147 19 97 167
Utility: 1001.575189

Airplane 5
161 74 152 47 125 50 128 32 110 26 104 168
Utility: 251.201141

Airplane 6
162 23 101 10 88 30 108 56 65 134 143 75 153 49 127 55 133 71 149 27 105 66 144 20 98 45 123 169
Utility: 2203.660383

