Airplane 0
156 16 94 11 89 61 139 35 113 34 112 25 103 163
Utility: 990.693293

Airplane 1
157 41 59 137 119 27 105 77 68 155 146 19 3 81 97 164
Utility: 1696.345878

Airplane 2
158 24 102 51 129 6 84 1 79 165
Utility: 701.106870

Airplane 3

Airplane 4
160 52 130 46 124 9 87 58 136 0 78 22 100 17 95 27 105 40 118 26 104 76 154 167
Utility: 1668.213717

Airplane 5
161 33 111 27 105 69 147 37 115 32 110 168
Utility: 459.334762

Airplane 6
162 23 101 67 145 30 108 56 65 134 143 75 153 49 127 55 133 71 149 27 105 66 144 20 98 45 123 169
Utility: 2096.763740

