Airplane 0
156 52 130 46 124 73 151 0 56 134 41 78 34 119 112 25 103 54 132 71 31 149 109 74 152 4 82 68 146 1 79 163
Utility: 2342.208438

Airplane 1
157 48 126 67 145 65 143 22 100 69 147 19 97 164
Utility: 1048.164339

Airplane 2
158 23 101 9 87 61 139 35 113 59 137 17 95 27 105 18 96 40 118 42 120 20 98 26 32 104 110 165
Utility: 2727.084213

Airplane 3
159 77 155 166
Utility: 426.629722

Airplane 4

Airplane 5
161 16 94 11 9 89 87 56 134 33 111 24 102 37 115 168
Utility: 1260.629214

Airplane 6
162 10 88 56 134 55 133 51 129 66 144 6 84 76 154 169
Utility: 774.285658

