Airplane 0

Airplane 1
157 34 112 44 122 77 68 155 146 6 84 164
Utility: 1099.685084

Airplane 2
158 40 118 42 120 50 128 32 110 28 106 165
Utility: 77.462868

Airplane 3
159 41 119 54 132 24 37 102 115 166
Utility: 648.213613

Airplane 4
160 64 142 46 124 9 87 59 137 25 103 69 147 51 129 19 97 167
Utility: 1453.257080

Airplane 5
161 1 79 26 104 76 154 168
Utility: 525.158195

Airplane 6
162 23 101 67 145 30 108 56 65 134 143 75 153 49 127 55 133 71 149 27 105 66 144 20 98 45 123 169
Utility: 2548.258740

