Airplane 0
156 71 18 149 96 74 152 40 118 26 104 163
Utility: 252.151282

Airplane 1
157 55 133 51 129 7 85 164
Utility: 159.324048

Airplane 2
158 23 101 67 145 165
Utility: 591.032589

Airplane 3
159 41 119 54 132 24 102 77 155 37 115 166
Utility: 1185.081144

Airplane 4
160 64 46 142 48 124 126 9 87 56 0 134 78 22 100 25 103 69 147 42 120 20 98 19 3 81 97 167
Utility: 2694.767723

Airplane 5
161 6 84 32 110 168
Utility: 217.321574

Airplane 6
162 16 94 11 89 61 139 59 137 33 111 27 71 149 105 66 144 68 146 1 79 76 154 169
Utility: 2308.450988

