Airplane 0
156 15 93 52 130 73 151 58 136 53 131 55 133 17 95 27 105 4 82 163
Utility: 479.897174

Airplane 1
157 46 124 13 91 61 139 0 65 78 143 33 111 25 103 69 147 66 144 68 146 26 104 164
Utility: 1917.473787

Airplane 2
158 77 155 40 118 42 120 20 98 76 154 165
Utility: 1275.463264

Airplane 3
159 8 86 11 89 60 138 22 100 71 51 149 129 40 118 6 84 1 79 166
Utility: 953.370036

Airplane 4

Airplane 5
161 54 132 24 102 51 129 74 5 152 83 6 84 32 110 168
Utility: 582.305132

Airplane 6
162 16 94 23 101 10 88 56 134 75 153 41 119 44 122 31 109 19 97 169
Utility: 1810.347743

