Airplane 0
156 16 94 23 101 67 145 163
Utility: 827.899237

Airplane 1
157 77 155 47 125 26 104 50 128 164
Utility: 669.006257

Airplane 2
158 46 124 61 139 0 65 78 143 165
Utility: 498.852630

Airplane 3
159 59 137 34 112 72 150 54 132 24 102 20 98 76 154 166
Utility: 1409.000935

Airplane 4
160 64 142 48 15 93 126 9 87 53 131 25 103 27 105 68 146 19 97 167
Utility: 1293.618113

Airplane 5
161 74 152 40 118 37 3 81 115 168
Utility: 227.276176

Airplane 6
162 10 88 56 65 134 143 75 153 41 119 44 122 31 71 149 109 6 84 1 79 169
Utility: 1497.508127

