Airplane 0
156 77 155 50 128 32 110 76 154 163
Utility: 892.501419

Airplane 1
157 70 148 44 122 7 85 68 146 63 141 6 84 164
Utility: 22.924643

Airplane 2

Airplane 3
159 41 119 54 132 24 102 12 90 37 115 1 79 28 106 166
Utility: 838.386222

Airplane 4
160 64 142 48 126 46 124 9 87 53 131 25 103 69 147 19 97 167
Utility: 1274.365491

Airplane 5
161 74 152 5 83 47 125 26 104 3 81 168
Utility: 166.839654

Airplane 6
162 23 101 67 145 30 108 56 65 134 143 75 153 49 127 55 133 71 149 27 105 66 144 20 98 45 123 169
Utility: 2548.258740

