Airplane 0
156 59 137 34 112 25 103 27 105 37 115 26 32 104 110 163
Utility: 1241.845226

Airplane 1

Airplane 2
158 23 101 67 145 61 139 165
Utility: 832.465066

Airplane 3
159 49 127 72 150 54 132 71 149 66 144 20 98 1 79 166
Utility: 741.528707

Airplane 4
160 64 142 48 126 9 87 53 131 17 95 69 147 167
Utility: 542.996645

Airplane 5
161 58 136 35 113 33 111 51 129 19 97 32 110 168
Utility: 655.489720

Airplane 6
162 46 124 11 89 60 138 10 88 56 65 134 143 75 153 41 119 44 122 24 77 71 149 102 68 155 146 6 3 81 84 76 154 45 123 169
Utility: 2844.429718

