Airplane 0
156 16 94 23 101 67 145 163
Utility: 827.899237

Airplane 1
157 19 97 26 104 164
Utility: 332.372476

Airplane 2
158 40 118 42 120 1 79 165
Utility: 254.276551

Airplane 3
159 41 119 34 112 25 103 54 132 24 102 166
Utility: 882.829451

Airplane 4
160 52 130 46 124 61 139 59 137 22 100 69 147 51 129 167
Utility: 1421.214788

Airplane 5
161 74 152 5 83 12 90 20 98 3 81 168
Utility: 364.054692

Airplane 6
162 10 88 56 65 134 143 75 153 70 148 71 149 27 105 77 155 6 84 45 123 169
Utility: 1583.033189

