Airplane 0
156 20 98 32 110 163
Utility: 397.289159

Airplane 1
157 77 155 47 125 26 104 50 128 164
Utility: 669.006257

Airplane 2
158 67 145 61 65 139 143 165
Utility: 545.821870

Airplane 3
159 41 119 49 127 27 105 54 132 24 102 1 79 76 154 166
Utility: 1412.355963

Airplane 4
160 64 142 48 126 46 124 9 87 53 131 25 103 69 147 68 146 19 97 167
Utility: 1427.515206

Airplane 5
161 74 152 5 83 12 90 37 115 3 81 168
Utility: 40.499031

Airplane 6
162 23 101 10 88 59 137 75 153 70 148 44 122 31 71 149 109 6 84 45 123 169
Utility: 1147.295029

