Airplane 0
156 46 124 61 139 163
Utility: 351.195219

Airplane 1
157 27 105 77 155 68 146 3 81 164
Utility: 1087.143842

Airplane 2
158 40 118 42 120 1 79 165
Utility: 254.276551

Airplane 3
159 41 119 54 132 24 102 37 115 166
Utility: 643.606639

Airplane 4
160 64 142 48 126 23 101 9 87 53 131 25 103 69 147 51 129 6 84 167
Utility: 1413.915942

Airplane 5
161 19 97 32 110 26 104 168
Utility: 503.450798

Airplane 6
162 67 145 56 65 134 143 75 153 55 133 71 149 66 144 20 98 76 154 169
Utility: 2043.650499

