Airplane 0
156 46 124 67 145 163
Utility: 449.074560

Airplane 1
157 77 155 47 125 26 104 50 128 164
Utility: 669.006257

Airplane 2
158 23 101 61 139 56 134 165
Utility: 817.750714

Airplane 3
159 41 119 49 127 72 150 54 132 24 102 71 149 20 98 1 79 76 154 166
Utility: 1357.821878

Airplane 4
160 64 142 48 126 15 93 29 107 9 87 53 131 25 103 69 147 68 146 19 97 167
Utility: 824.692475

Airplane 5
161 27 105 5 83 37 115 3 81 168
Utility: 333.826454

Airplane 6
162 10 88 65 143 75 153 34 112 44 122 31 109 6 84 169
Utility: 666.515474

