Airplane 0
156 46 124 11 89 163
Utility: 351.583338

Airplane 1
157 59 137 33 111 24 102 7 85 68 146 19 3 81 97 164
Utility: 1167.415630

Airplane 2
158 23 101 67 145 61 139 22 34 112 100 69 147 40 118 26 104 165
Utility: 1810.835166

Airplane 3
159 72 150 54 132 51 129 37 115 1 79 166
Utility: 447.057363

Airplane 4
160 52 130 48 126 9 87 41 119 25 103 27 105 77 155 167
Utility: 1957.273330

Airplane 5

Airplane 6
162 56 65 134 143 75 153 55 133 71 149 66 144 20 98 76 154 45 123 169
Utility: 1712.071424

