Airplane 0
156 52 130 16 46 94 124 73 151 61 139 41 59 137 34 119 112 25 103 163
Utility: 1912.324893

Airplane 1
157 66 144 68 146 164
Utility: 106.977275

Airplane 2
158 11 89 67 145 165
Utility: 367.326824

Airplane 3
159 55 49 127 72 150 133 54 132 24 102 20 98 1 79 166
Utility: 1073.082938

Airplane 4
160 64 142 48 15 93 126 9 87 61 139 53 131 56 134 22 25 103 100 69 147 77 155 3 19 50 128 81 97 32 110 167
Utility: 1759.453874

Airplane 5
161 0 78 35 113 33 111 27 105 37 74 152 115 26 104 76 154 168
Utility: 1086.087773

Airplane 6
162 23 101 10 88 30 108 56 65 134 143 75 153 70 148 44 122 31 71 149 109 63 141 6 84 45 123 169
Utility: 710.006170

