Airplane 0

Airplane 1
157 46 16 67 94 124 61 145 139 59 137 75 153 33 111 27 77 105 31 155 37 109 115 6 3 81 84 76 154 164
Utility: 3443.088901

Airplane 2
158 23 101 58 136 165
Utility: 317.678216

Airplane 3
159 41 119 54 132 24 18 102 96 19 3 97 81 166
Utility: 853.061491

Airplane 4
160 64 142 48 15 93 126 9 87 53 131 25 103 69 147 77 155 167
Utility: 483.923400

Airplane 5
161 35 113 59 137 55 133 51 74 5 152 83 129 40 118 20 98 32 110 168
Utility: 1018.391652

Airplane 6
162 11 89 61 139 22 100 17 95 71 149 66 77 144 68 146 155 169
Utility: 778.623122

