Airplane 0
156 8 86 11 89 67 145 56 134 41 59 137 34 119 112 163
Utility: 1427.311719

Airplane 1

Airplane 2
158 23 101 61 139 56 134 55 133 165
Utility: 550.302291

Airplane 3
159 25 103 71 72 150 149 54 132 24 102 20 98 1 79 76 154 166
Utility: 1380.807548

Airplane 4
160 52 130 48 126 9 87 65 143 33 111 54 132 18 96 19 97 50 128 26 104 167
Utility: 1324.057387

Airplane 5
161 51 129 74 5 152 83 37 115 3 81 32 110 168
Utility: 456.936399

Airplane 6
162 46 16 94 124 73 151 0 56 134 78 75 153 22 100 44 122 66 77 144 68 155 146 6 84 45 123 169
Utility: 1993.970449

