Airplane 0

Airplane 1
157 77 155 47 125 26 104 50 128 164
Utility: 669.006257

Airplane 2
158 67 145 65 59 143 137 165
Utility: 569.652641

Airplane 3
159 41 119 49 127 72 150 54 132 24 102 71 149 20 98 1 79 76 154 166
Utility: 1359.415878

Airplane 4
160 64 142 48 126 15 93 9 87 53 131 25 103 69 147 68 146 19 97 167
Utility: 1094.135564

Airplane 5
161 74 152 5 83 37 115 3 81 32 110 168
Utility: 52.876349

Airplane 6
162 23 101 10 88 56 134 75 153 70 148 27 105 31 109 6 84 45 123 169
Utility: 1418.067182

