Airplane 0

Airplane 1
157 23 101 10 88 59 137 33 111 18 66 96 144 19 97 76 154 164
Utility: 1631.082899

Airplane 2
158 52 130 11 89 58 136 60 138 53 131 65 143 41 55 119 133 51 129 40 118 31 42 109 120 20 98 26 50 128 32 104 110 165
Utility: 2085.972947

Airplane 3
159 46 67 124 61 139 145 65 143 75 153 21 99 49 127 17 95 27 71 149 77 105 155 1 79 6 84 166
Utility: 2815.809714

Airplane 4
160 64 142 48 126 15 93 9 87 56 0 134 78 22 34 100 112 25 103 69 147 68 146 167
Utility: 773.219589

Airplane 5
161 24 102 5 83 37 115 32 110 168
Utility: 112.046355

Airplane 6

