Airplane 0
156 11 89 67 73 151 145 0 78 22 100 25 103 163
Utility: 906.073224

Airplane 1
157 0 56 78 134 33 111 77 68 155 146 6 84 26 104 76 154 164
Utility: 1721.514406

Airplane 2
158 69 147 40 118 42 120 165
Utility: 187.708431

Airplane 3
159 61 139 41 59 137 34 119 112 71 149 54 132 24 102 20 98 166
Utility: 1990.013312

Airplane 4
160 64 142 48 126 9 87 53 131 17 95 18 96 37 115 167
Utility: 566.205825

Airplane 5

Airplane 6
162 46 16 124 94 23 101 10 88 0 78 75 153 55 133 27 105 66 144 19 97 1 79 45 123 169
Utility: 1895.281456

