Airplane 0
156 46 124 23 101 163
Utility: 577.842187

Airplane 1
157 34 112 44 122 77 155 68 146 6 84 164
Utility: 1077.797357

Airplane 2
158 16 67 94 145 61 139 165
Utility: 648.889769

Airplane 3
159 41 119 54 132 24 37 102 115 1 79 166
Utility: 938.464920

Airplane 4
160 64 142 48 15 93 126 9 87 59 137 25 103 69 147 51 129 19 97 167
Utility: 1320.510873

Airplane 5
161 26 104 32 110 168
Utility: 158.060290

Airplane 6
162 56 65 134 143 75 153 55 133 71 149 27 105 66 144 20 98 76 154 169
Utility: 1918.391897

