Airplane 0

Airplane 1
157 18 96 7 85 19 97 164
Utility: 337.618930

Airplane 2
158 16 46 94 11 124 89 61 139 35 113 41 119 34 112 71 149 165
Utility: 1723.154666

Airplane 3
159 41 59 137 119 27 105 24 102 166
Utility: 215.711015

Airplane 4
160 52 48 130 126 9 87 61 65 143 139 53 131 25 103 17 95 69 147 51 129 4 82 68 146 6 3 81 84 76 154 167
Utility: 1479.810908

Airplane 5
161 33 111 77 155 26 3 81 104 32 110 168
Utility: 989.601544

Airplane 6
162 23 101 67 145 56 134 75 153 55 133 27 105 66 144 20 98 1 79 169
Utility: 1707.912317

