Airplane 0
156 19 4 82 97 32 110 76 154 163
Utility: 279.795192

Airplane 1
157 34 112 44 122 77 68 155 146 6 84 164
Utility: 1099.685084

Airplane 2
158 67 61 139 145 165
Utility: 386.667634

Airplane 3
159 41 119 54 132 24 102 12 90 37 115 1 79 28 106 166
Utility: 838.386222

Airplane 4
160 64 46 142 48 124 126 9 87 53 131 25 103 69 147 167
Utility: 959.488950

Airplane 5
161 51 129 47 125 26 3 104 81 168
Utility: 246.655128

Airplane 6
162 23 101 10 88 30 108 56 65 134 143 75 153 49 127 55 133 71 149 27 105 66 144 20 98 45 123 169
Utility: 2203.660383

