Airplane 0
156 76 154 32 110 163
Utility: 234.765032

Airplane 1
157 77 155 47 125 26 104 50 128 164
Utility: 669.006257

Airplane 2
158 23 101 67 145 56 65 134 143 165
Utility: 1198.881248

Airplane 3
159 41 119 54 132 24 102 71 149 66 144 1 79 166
Utility: 1090.977882

Airplane 4
160 64 46 142 48 124 126 9 87 53 131 25 103 69 147 68 146 167
Utility: 1096.703173

Airplane 5
161 74 152 5 83 12 90 37 115 3 81 168
Utility: 40.499031

Airplane 6
162 59 137 75 153 33 111 27 105 20 98 19 97 169
Utility: 1575.867449

