Airplane 0

Airplane 1
157 41 59 137 119 44 122 77 155 68 146 6 3 81 84 164
Utility: 921.286916

Airplane 2
158 52 130 16 46 94 124 61 139 0 78 33 111 77 155 40 118 42 120 26 104 76 154 165
Utility: 1070.503118

Airplane 3
159 72 150 54 132 24 102 37 115 1 79 166
Utility: 554.497436

Airplane 4
160 64 142 48 126 9 87 53 131 34 25 112 103 69 147 77 155 167
Utility: 1253.009915

Airplane 5
161 47 125 19 97 32 110 168
Utility: 348.960092

Airplane 6
162 23 101 67 145 56 65 134 143 75 153 55 133 71 149 27 105 66 144 20 98 45 123 169
Utility: 2597.635419

