Airplane 0
156 76 154 32 110 163
Utility: 234.765032

Airplane 1
157 77 155 47 125 26 104 164
Utility: 705.343637

Airplane 2
158 46 124 67 145 56 134 165
Utility: 815.365589

Airplane 3
159 41 119 71 149 54 132 24 102 66 144 1 79 166
Utility: 908.916360

Airplane 4
160 64 142 48 126 15 93 29 107 9 87 53 131 25 103 69 147 68 146 19 97 167
Utility: 1055.572475

Airplane 5
161 27 105 20 98 3 81 168
Utility: 703.268192

Airplane 6
162 23 101 10 88 59 137 75 153 70 148 44 122 31 71 149 109 6 84 45 123 169
Utility: 953.619029

