Airplane 0
FO: -206.265009
fast_of: -206.265009
Válida: t
156 15 93 48 67 126 145 56 134 41 34 119 112 25 103 69 147 163
Utility: 1863.366062

Airplane 1
FO: -82.125326
fast_of: -82.125326
Válida: t
157 18 96 31 7 85 109 6 37 115 84 164
Utility: 535.124591

Airplane 2

Airplane 3
FO: -0.000000
fast_of: -0.000000
Válida: t
159 8 86 11 89 58 136 60 138 59 137 21 99 49 55 127 72 150 133 71 149 54 132 51 129 40 118 20 98 26 104 76 154 166
Utility: 2367.866787

Airplane 4
FO: 0.000000
fast_of: 0.000000
Válida: t
160 64 16 46 142 94 124 23 101 61 139 65 143 22 100 17 95 27 77 105 68 155 146 1 3 79 81 167
Utility: 3393.403490

Airplane 5
FO: -175.170099
fast_of: -175.170099
Válida: t
161 24 102 66 144 42 19 120 97 32 110 168
Utility: 802.627553

Airplane 6

