Airplane 0

Airplane 1
FO: -68.242121
fast_of: -57.785020
Válida: t
157 33 111 77 66 144 68 155 146 40 118 6 3 81 84 164
Utility: 1579.144864

Airplane 2
FO: -9.363469
fast_of: -9.363469
Válida: t
158 52 16 130 67 94 73 151 145 60 138 56 65 134 143 75 153 55 133 17 95 27 31 105 109 165
Utility: 2337.493334

Airplane 3
FO: -254.319781
fast_of: -254.319781
Válida: t
159 41 119 54 132 12 90 37 115 166
Utility: 360.352019

Airplane 4
FO: -158.901757
fast_of: -158.901757
Válida: t
160 64 142 11 89 9 87 53 131 25 103 69 147 19 97 167
Utility: 973.160056

Airplane 5
FO: -87.748222
fast_of: -87.748222
Válida: t
161 7 85 51 129 74 5 152 83 47 125 1 79 168
Utility: 447.577776

Airplane 6
FO: 0.000000
fast_of: 0.000000
Válida: t
162 48 46 126 124 23 101 61 139 59 137 34 112 71 149 24 18 96 102 20 98 32 26 110 104 76 154 169
Utility: 3276.188857

