Airplane 0
FO: -141.388654
fast_of: -141.388654
Válida: t
156 8 86 9 87 58 136 53 131 163
Utility: 168.284113

Airplane 1
FO: -174.999363
fast_of: -174.999363
Válida: t
157 17 95 69 18 96 147 164
Utility: 295.676908

Airplane 2
FO: -93.594244
fast_of: -93.594244
Válida: t
158 56 0 78 134 33 111 51 129 40 118 165
Utility: 842.569489

Airplane 3
FO: -69.564216
fast_of: -69.564216
Válida: t
159 52 130 11 89 10 88 59 137 34 112 25 103 166
Utility: 878.051012

Airplane 4
FO: 0.000000
fast_of: 0.000000
Válida: t
160 64 16 46 142 94 124 73 151 13 91 61 139 41 119 71 149 24 37 102 115 32 110 26 104 167
Utility: 2203.061807

Airplane 5
FO: -105.856407
fast_of: -93.508947
Válida: t
161 54 132 31 109 74 5 152 83 47 125 19 3 81 97 168
Utility: 602.974286

Airplane 6
FO: -0.000000
fast_of: -0.000000
Válida: t
162 23 101 67 145 65 143 75 153 55 133 27 77 105 66 144 68 146 155 20 98 76 154 45 123 169
Utility: 3287.350671

