Airplane 0
FO: -135.410602
fast_of: -135.410602
Válida: t
156 25 103 69 147 66 144 6 84 1 79 163
Utility: 883.468960

Airplane 1
FO: -95.962034
fast_of: -94.169640
Válida: t
157 18 96 51 129 40 118 19 3 81 97 76 154 164
Utility: 1039.058037

Airplane 2
FO: -219.952579
fast_of: -219.952579
Válida: t
158 16 46 124 94 165
Utility: 396.882602

Airplane 3
FO: -0.000000
fast_of: -0.000000
Válida: t
159 8 86 11 89 60 138 0 41 78 119 34 112 17 95 27 54 132 105 24 42 120 102 37 74 152 115 26 104 166
Utility: 2553.866711

Airplane 4
FO: -223.880857
fast_of: -223.880857
Válida: t
160 52 130 48 126 67 145 61 139 59 137 22 100 167
Utility: 1220.753135

Airplane 5
FO: -0.000000
fast_of: -0.000000
Válida: t
161 58 136 53 131 56 134 33 111 77 7 155 85 20 98 32 110 168
Utility: 2016.666431

Airplane 6
FO: -91.801844
fast_of: -91.801844
Válida: t
162 10 88 65 143 75 153 55 133 71 31 109 149 68 146 169
Utility: 676.466009

