Airplane 0
FO: -26.997242
fast_of: -26.997242
Válida: t
156 52 130 9 87 56 65 134 143 75 153 25 103 24 42 120 102 163
Utility: 1263.183138

Airplane 1
FO: -44.593821
fast_of: 3.850097
Válida: t
157 11 89 67 145 60 138 59 137 17 95 27 77 105 66 144 155 19 97 1 79 164
Utility: 2914.670929

Airplane 2
FO: -66.043945
fast_of: -66.043945
Válida: t
158 16 46 94 124 23 101 58 136 165
Utility: 980.053410

Airplane 3

Airplane 4
FO: 0.000000
fast_of: 63.935171
Válida: t
160 64 142 48 126 15 93 73 151 13 91 61 139 41 22 100 34 119 112 71 31 109 149 20 50 128 98 167
Utility: 2078.039869

Airplane 5
FO: -34.077911
fast_of: -34.077911
Válida: t
161 53 131 33 111 54 132 69 147 68 7 85 74 152 146 6 84 26 104 168
Utility: 1156.101338

Airplane 6

