Airplane 0
FO: -202.434393
fast_of: -202.202505
Válida: t
156 52 48 130 67 126 145 163
Utility: 477.370001

Airplane 1
FO: -178.227522
fast_of: -178.227522
Válida: t
157 8 86 23 101 164
Utility: 302.195033

Airplane 2
FO: -213.890215
fast_of: -213.890215
Válida: t
158 77 66 144 155 40 118 19 3 97 81 165
Utility: 1216.458125

Airplane 3
FO: -14.088673
fast_of: -11.980289
Válida: t
159 41 22 119 34 112 100 71 149 54 132 24 102 20 98 1 79 166
Utility: 1947.483181

Airplane 4
FO: -74.964201
fast_of: -72.995975
Válida: t
160 64 16 46 142 94 124 15 93 73 151 61 65 143 139 59 137 25 103 27 105 7 85 167
Utility: 2010.080977

Airplane 5
FO: 0.000000
fast_of: 0.000000
Válida: t
161 33 111 51 129 74 5 152 83 37 6 84 115 32 110 76 154 168
Utility: 1168.492447

Airplane 6
FO: -56.096896
fast_of: -56.096896
Válida: t
162 11 89 9 87 56 134 75 153 55 133 69 31 147 109 169
Utility: 1129.887927

