Airplane 0
FO: -130.499021
fast_of: -130.499021
Válida: t
156 52 130 46 124 23 101 163
Utility: 745.881076

Airplane 1
FO: -0.000000
fast_of: -0.000000
Válida: t
157 13 91 61 139 22 100 17 95 18 96 51 129 164
Utility: 752.596335

Airplane 2
FO: -219.423470
fast_of: -219.423470
Válida: t
158 76 154 165
Utility: 49.046721

Airplane 3
FO: 0.000000
fast_of: 0.000000
Válida: t
159 60 138 59 41 137 34 119 112 71 31 109 149 20 98 47 125 1 79 166
Utility: 1878.710899

Airplane 4
FO: -158.825010
fast_of: -158.825010
Válida: t
160 64 16 142 48 94 15 93 126 9 87 56 134 55 133 54 132 69 147 167
Utility: 1326.883493

Airplane 5
FO: -132.322170
fast_of: -132.322170
Válida: t
161 24 102 74 5 152 83 19 97 32 110 168
Utility: 692.731810

Airplane 6
FO: 0.000000
fast_of: 19.678776
Válida: t
162 11 89 67 145 58 136 0 65 78 143 75 153 35 113 62 140 33 111 27 77 105 68 146 155 40 118 3 37 26 115 81 104 169
Utility: 3141.470540

