Airplane 0
FO: -139.279617
fast_of: -99.641311
Válida: t
156 8 86 23 101 67 10 145 88 60 138 0 78 41 119 25 103 163
Utility: 1554.456252

Airplane 1
FO: 0.000000
fast_of: 0.000000
Válida: t
157 33 111 51 129 40 118 19 3 81 97 1 79 164
Utility: 1103.181230

Airplane 2
FO: -196.825257
fast_of: -196.825257
Válida: t
158 52 130 46 124 73 151 165
Utility: 393.022132

Airplane 3
FO: -9.615252
fast_of: -9.615252
Válida: t
159 11 89 61 139 22 100 71 149 24 102 31 42 37 120 109 115 6 84 166
Utility: 1462.552428

Airplane 4
FO: -65.594269
fast_of: -65.594269
Válida: t
160 64 16 142 48 94 126 9 87 58 136 59 137 17 95 18 96 167
Utility: 1071.334600

Airplane 5
FO: -62.033512
fast_of: -62.033512
Válida: t
161 54 132 69 7 147 85 74 5 152 83 20 98 32 110 168
Utility: 946.517917

Airplane 6
FO: -401.933036
fast_of: -401.933036
Válida: t
162 56 65 143 134 55 133 27 77 105 66 144 155 26 104 76 154 169
Utility: 2313.584127

