Airplane 0
FO: -90.956053
fast_of: -90.956053
Válida: t
156 31 18 96 37 109 115 163
Utility: 161.529569

Airplane 1
FO: -4.262735
fast_of: -4.262735
Válida: t
157 33 111 51 129 7 68 85 146 164
Utility: 376.156896

Airplane 2
FO: -112.067997
fast_of: -59.587973
Válida: t
158 67 61 145 139 35 113 59 137 34 112 25 103 24 102 77 155 40 118 1 79 76 154 165
Utility: 2832.389842

Airplane 3
FO: -65.599852
fast_of: -65.599852
Válida: t
159 11 89 73 151 60 138 166
Utility: 203.551017

Airplane 4
FO: -137.118416
fast_of: -137.118416
Válida: t
160 52 16 130 94 9 87 56 0 134 78 22 100 69 147 19 50 128 97 167
Utility: 1724.304012

Airplane 5
FO: -27.139068
fast_of: -27.139068
Válida: t
161 74 5 152 83 6 3 81 84 26 104 32 110 168
Utility: 645.056969

Airplane 6
FO: -221.692117
fast_of: -221.692117
Válida: t
162 46 124 23 101 10 88 65 41 143 119 55 133 71 149 27 105 66 144 20 98 45 123 169
Utility: 2523.027479

