Airplane 0
FO: -49.900777
fast_of: -49.900777
Válida: t
156 52 130 16 94 23 101 163
Utility: 664.357172

Airplane 1
FO: -110.586328
fast_of: -110.586328
Válida: t
157 8 86 11 89 9 87 61 139 35 113 59 137 25 103 164
Utility: 1055.379029

Airplane 2

Airplane 3
FO: -9.591638
fast_of: -1.302621
Válida: t
159 41 22 119 100 71 149 54 132 24 102 20 98 1 79 76 154 166
Utility: 1962.599304

Airplane 4
FO: 0.000000
fast_of: 0.000000
Válida: t
160 64 46 142 48 126 67 124 73 151 145 58 136 34 112 55 133 27 77 105 66 144 68 155 146 3 19 81 97 167
Utility: 3306.634882

Airplane 5
FO: 0.000000
fast_of: 0.000000
Válida: t
161 53 131 33 111 51 129 74 5 152 83 40 118 37 26 115 32 104 110 168
Utility: 1048.241226

Airplane 6
FO: -190.287166
fast_of: -190.287166
Válida: t
162 60 138 65 143 75 153 17 95 18 31 96 109 169
Utility: 554.246076

