Airplane 0
FO: -97.908180
fast_of: -97.908180
Válida: t
156 8 86 11 89 67 145 13 91 56 134 55 133 163
Utility: 1059.916008

Airplane 1
FO: 0.000000
fast_of: 0.000000
Válida: t
157 33 111 51 129 31 42 109 120 19 3 81 97 164
Utility: 836.027592

Airplane 2
FO: -192.602086
fast_of: -192.602086
Válida: t
158 46 124 23 101 9 87 0 78 165
Utility: 851.384372

Airplane 3
FO: -22.376758
fast_of: -22.376758
Válida: t
159 22 100 17 95 27 71 149 105 24 37 102 74 152 115 1 79 166
Utility: 1495.896405

Airplane 4
FO: -107.936840
fast_of: -101.543533
Válida: t
160 64 16 142 48 94 15 93 126 61 65 143 139 41 59 137 119 25 103 54 132 77 66 144 68 155 146 20 50 128 98 167
Utility: 3311.398375

Airplane 5
FO: -83.723566
fast_of: -83.723566
Válida: t
161 69 147 40 118 6 84 76 154 32 110 168
Utility: 875.896789

Airplane 6

