Airplane 0
FO: -147.789596
fast_of: -147.789596
Válida: t
156 77 155 19 4 82 97 32 26 110 104 76 154 163
Utility: 1506.345832

Airplane 1
FO: 0.000000
fast_of: 0.000000
Válida: t
157 48 16 126 94 13 91 61 139 41 59 137 119 25 103 24 102 51 129 68 146 164
Utility: 2051.764189

Airplane 2
FO: -0.000000
fast_of: -0.000000
Válida: t
158 22 100 69 147 40 118 42 120 20 98 1 79 165
Utility: 1188.217798

Airplane 3
FO: -68.095604
fast_of: -68.095604
Válida: t
159 23 101 9 87 56 134 55 133 54 132 31 109 166
Utility: 1173.483357

Airplane 4
FO: -179.661399
fast_of: -179.661399
Válida: t
160 52 130 46 124 73 151 58 136 53 131 34 112 17 95 27 105 66 144 167
Utility: 1573.960845

Airplane 5

Airplane 6
FO: -207.644437
fast_of: -207.644437
Válida: t
162 11 89 67 145 0 78 75 153 33 111 71 149 169
Utility: 981.427330

