Airplane 0
FO: 0.000000
fast_of: 0.000000
Válida: t
156 48 46 126 67 124 73 151 145 60 138 59 41 137 34 119 112 163
Utility: 1926.799335

Airplane 1
FO: 0.000000
fast_of: 0.000000
Válida: t
157 54 132 77 7 155 85 19 3 81 97 32 110 76 154 164
Utility: 1615.538786

Airplane 2
FO: -154.648979
fast_of: -154.648979
Válida: t
158 23 101 58 136 165
Utility: 317.678216

Airplane 3
FO: -0.000000
fast_of: -0.000000
Válida: t
159 8 86 11 89 9 87 0 56 78 134 33 111 25 103 24 18 96 37 102 115 1 79 166
Utility: 2042.962366

Airplane 4
FO: 0.000000
fast_of: 0.000000
Válida: t
160 52 130 13 91 61 139 53 131 22 100 17 95 69 147 51 129 47 125 26 104 167
Utility: 1254.054705

Airplane 5

Airplane 6
FO: -275.153920
fast_of: -275.153920
Válida: t
162 10 88 30 108 65 143 75 153 49 127 55 133 71 149 27 105 66 144 20 98 169
Utility: 1370.402709

