Airplane 0
FO: -318.145405
fast_of: -318.145405
Válida: t
156 41 59 137 119 163
Utility: 438.652259

Airplane 1
FO: -119.248567
fast_of: -119.248567
Válida: t
157 71 149 54 132 51 129 20 98 164
Utility: 667.285651

Airplane 2
FO: -148.134847
fast_of: -148.134847
Válida: t
158 16 94 11 89 67 10 88 145 65 143 165
Utility: 855.311904

Airplane 3
FO: -132.088759
fast_of: -132.088759
Válida: t
159 8 86 23 101 61 139 60 138 34 112 25 103 24 102 31 42 120 109 166
Utility: 1502.714990

Airplane 4
FO: -0.000000
fast_of: -0.000000
Válida: t
160 64 46 142 48 124 126 9 87 0 78 22 100 17 95 69 18 96 147 40 118 19 97 167
Utility: 1925.775245

Airplane 5
FO: -23.796967
fast_of: -23.796967
Válida: t
161 35 113 33 111 7 85 74 5 152 83 6 37 115 84 76 154 168
Utility: 913.040522

Airplane 6
FO: -164.807893
fast_of: -164.807893
Válida: t
162 53 131 56 134 75 153 55 133 27 77 105 66 144 68 146 155 26 104 1 79 45 123 169
Utility: 2483.836587

