Airplane 0
FO: -115.541976
fast_of: -115.541976
Válida: t
156 37 115 19 97 163
Utility: 238.111278

Airplane 1
FO: -0.000000
fast_of: -0.000000
Válida: t
157 8 86 11 89 67 10 88 145 0 78 33 111 69 147 51 129 164
Utility: 1234.441636

Airplane 2
FO: 0.000000
fast_of: 0.000000
Válida: t
158 16 46 94 124 73 151 60 138 56 134 165
Utility: 981.894653

Airplane 3
FO: -94.430878
fast_of: -74.612369
Válida: t
159 41 59 137 119 34 112 25 103 71 149 54 132 24 102 66 144 166
Utility: 1618.700328

Airplane 4

Airplane 5
FO: -155.012781
fast_of: -155.012781
Válida: t
161 27 105 20 98 1 79 168
Utility: 914.138991

Airplane 6
FO: 0.000000
fast_of: 0.000000
Válida: t
162 23 101 9 87 61 65 139 143 22 100 75 153 17 95 18 77 96 155 40 118 6 3 81 84 26 104 76 154 45 123 169
Utility: 3125.305983

