Airplane 0

Airplane 1
FO: -0.000000
fast_of: -0.000000
Válida: t
157 23 101 13 91 61 139 35 113 59 137 17 95 69 147 42 77 120 155 6 3 81 84 26 104 164
Utility: 2567.567039

Airplane 2
FO: -263.459285
fast_of: -263.459285
Válida: t
158 16 67 94 145 56 134 41 119 34 112 165
Utility: 1413.258394

Airplane 3
FO: -175.192181
fast_of: -153.865797
Válida: t
159 75 153 55 72 150 133 18 24 102 31 96 12 90 109 20 98 1 79 166
Utility: 1274.277181

Airplane 4
FO: -146.365177
fast_of: -146.365177
Válida: t
160 64 46 142 48 124 126 9 87 0 78 22 100 25 103 167
Utility: 1054.492034

Airplane 5
FO: -77.943978
fast_of: -77.943978
Válida: t
161 51 129 74 5 152 83 40 118 19 97 32 110 168
Utility: 781.582021

Airplane 6
FO: -171.281459
fast_of: -137.012438
Válida: t
162 8 86 11 89 58 136 53 131 33 111 27 54 132 105 66 37 144 68 146 115 76 154 45 123 169
Utility: 1902.842442

