Airplane 0
FO: 0.000000
fast_of: 0.000000
Válida: t
156 52 130 46 124 73 151 58 136 60 138 41 34 119 112 163
Utility: 1246.508079

Airplane 1
FO: -0.000000
fast_of: -0.000000
Válida: t
157 8 86 67 13 91 61 145 139 35 113 59 137 17 95 27 105 24 102 18 96 164
Utility: 1845.297869

Airplane 2
FO: 0.000000
fast_of: 0.000000
Válida: t
158 7 85 74 5 83 152 40 118 42 120 20 98 26 104 76 154 165
Utility: 1169.905403

Airplane 3
FO: -11.784225
fast_of: -11.784225
Válida: t
159 55 72 150 133 51 129 31 109 19 3 81 97 1 79 166
Utility: 982.865648

Airplane 4
FO: -137.063419
fast_of: -137.063419
Válida: t
160 64 16 142 48 94 15 93 126 9 87 53 131 25 103 54 132 68 146 6 84 167
Utility: 1213.313091

Airplane 5

Airplane 6
FO: -117.027798
fast_of: -117.027798
Válida: t
162 23 101 10 88 56 65 134 143 75 153 70 148 71 77 149 37 155 115 45 123 169
Utility: 1927.931629

