Airplane 0

Airplane 1
FO: 0.000000
fast_of: 3.278271
Válida: t
157 59 137 34 112 71 31 149 109 19 3 81 97 1 79 164
Utility: 1410.878696

Airplane 2
FO: -248.147122
fast_of: -248.147122
Válida: t
158 23 101 61 139 56 134 165
Utility: 817.750714

Airplane 3
FO: -155.493323
fast_of: -155.493323
Válida: t
159 18 24 96 37 102 115 166
Utility: 270.630005

Airplane 4
FO: 0.000000
fast_of: 41.165088
Válida: t
160 64 16 46 142 94 124 73 151 0 10 88 41 78 22 100 119 25 103 69 7 85 147 40 118 50 128 26 104 167
Utility: 2254.875026

Airplane 5
FO: -20.668967
fast_of: -20.668967
Válida: t
161 9 87 58 136 35 113 33 111 77 155 6 84 76 154 168
Utility: 1532.111793

Airplane 6
FO: -18.161065
fast_of: -18.161065
Válida: t
162 11 89 67 145 65 143 75 153 55 133 17 95 27 54 132 105 66 144 42 120 20 98 45 123 169
Utility: 2245.655309

