Airplane 0
FO: -161.449611
fast_of: -161.449611
Válida: t
156 46 124 11 89 58 136 59 137 25 103 55 133 18 4 82 96 163
Utility: 1251.657907

Airplane 1
FO: -75.168316
fast_of: -75.168316
Válida: t
157 66 77 144 68 155 146 164
Utility: 850.716818

Airplane 2

Airplane 3
FO: 0.000000
fast_of: 0.000000
Válida: t
159 61 139 41 119 34 112 17 95 27 54 132 24 105 102 20 98 32 110 76 154 166
Utility: 2632.939179

Airplane 4
FO: -97.307442
fast_of: -97.307442
Válida: t
160 52 130 16 67 94 145 65 143 33 111 51 129 37 115 19 50 128 97 167
Utility: 1671.129754

Airplane 5
FO: -157.565469
fast_of: -157.565469
Válida: t
161 74 152 40 118 3 26 81 104 168
Utility: 271.136094

Airplane 6
FO: -206.113812
fast_of: -206.113812
Válida: t
162 23 101 9 87 56 0 134 78 75 153 70 148 44 122 31 109 6 84 1 79 169
Utility: 1685.875052

