Airplane 0
FO: 0.000000
fast_of: 42.953762
Válida: t
156 52 48 130 67 126 61 145 139 35 113 59 137 17 95 71 31 149 109 163
Utility: 1562.529224

Airplane 1

Airplane 2
FO: -69.047685
fast_of: -69.047685
Válida: t
158 65 143 33 111 54 132 18 77 96 155 40 118 42 120 37 26 115 104 165
Utility: 1677.020911

Airplane 3
FO: -70.012661
fast_of: -70.012661
Válida: t
159 55 49 127 72 150 133 51 129 66 144 6 3 84 81 1 79 166
Utility: 917.679624

Airplane 4
FO: -218.304846
fast_of: -218.304846
Válida: t
160 64 142 11 89 9 87 53 131 25 103 69 147 68 146 19 50 128 97 167
Utility: 1129.429219

Airplane 5
FO: -35.923145
fast_of: -35.923145
Válida: t
161 27 105 24 102 20 98 76 154 168
Utility: 1237.030146

Airplane 6
FO: -0.000000
fast_of: -0.000000
Válida: t
162 46 16 124 94 23 101 58 136 0 41 78 34 119 112 169
Utility: 1845.768697

