Airplane 0

Airplane 1
FO: -177.045014
fast_of: -177.045014
Válida: t
157 33 111 18 96 51 129 19 97 164
Utility: 641.384886

Airplane 2
FO: 0.000000
fast_of: 0.000000
Válida: t
158 11 89 67 73 151 145 60 138 0 65 143 78 22 34 112 100 165
Utility: 1425.044552

Airplane 3
FO: -58.387847
fast_of: -41.366737
Válida: t
159 55 72 150 133 54 132 24 102 20 98 26 104 76 154 166
Utility: 1297.347384

Airplane 4
FO: -117.186160
fast_of: -107.444292
Válida: t
160 52 48 130 126 9 87 58 136 59 41 137 119 25 103 69 147 40 118 6 84 167
Utility: 1941.874630

Airplane 5
FO: -185.542151
fast_of: -185.542151
Válida: t
161 74 37 152 115 32 110 168
Utility: 183.896752

Airplane 6
FO: -0.000000
fast_of: -0.000000
Válida: t
162 46 16 124 94 23 101 10 88 56 134 75 153 17 95 27 77 105 66 144 68 146 155 1 79 45 123 169
Utility: 3380.728688

