Airplane 0
FO: -122.150213
fast_of: -122.150213
Válida: t
156 55 133 69 147 7 4 82 85 37 26 115 104 76 154 163
Utility: 883.117920

Airplane 1
FO: -57.409527
fast_of: -57.409527
Válida: t
157 66 77 144 68 155 146 19 97 32 110 164
Utility: 1368.713357

Airplane 2
FO: -250.048334
fast_of: -220.580948
Válida: t
158 11 89 73 151 61 139 165
Utility: 345.043657

Airplane 3
FO: -165.176545
fast_of: -152.930276
Válida: t
159 59 137 49 127 72 71 150 149 54 132 24 102 20 98 166
Utility: 1007.242599

Airplane 4
FO: -141.410360
fast_of: -141.410360
Válida: t
160 64 142 48 126 23 101 9 87 65 143 22 34 112 100 167
Utility: 1176.916719

Airplane 5
FO: -27.773527
fast_of: -27.773527
Válida: t
161 53 131 33 111 51 129 74 5 152 83 168
Utility: 371.598445

Airplane 6
FO: -6.465898
fast_of: -6.465898
Válida: t
162 46 16 94 124 67 10 88 145 0 56 134 78 75 153 41 119 25 103 27 44 122 31 105 18 42 96 109 120 6 3 84 81 1 79 45 123 169
Utility: 3497.121289

