Airplane 0
FO: -57.380602
fast_of: -57.380602
Válida: t
156 15 93 11 89 67 10 88 145 163
Utility: 445.660666

Airplane 1
FO: -125.356758
fast_of: -125.356758
Válida: t
157 19 3 81 97 32 110 76 154 164
Utility: 738.755172

Airplane 2
FO: -147.915123
fast_of: -147.915123
Válida: t
158 73 151 13 91 61 139 53 131 75 153 165
Utility: 305.224629

Airplane 3
FO: -127.837524
fast_of: -127.837524
Válida: t
159 41 59 137 34 119 112 25 103 54 132 42 24 102 120 20 98 166
Utility: 1857.894324

Airplane 4
FO: -44.492688
fast_of: -44.492688
Válida: t
160 52 48 130 126 9 87 56 134 55 133 71 31 149 109 37 50 128 115 26 104 167
Utility: 1487.248514

Airplane 5
FO: -118.415145
fast_of: -118.415145
Válida: t
161 33 111 18 96 51 129 74 152 168
Utility: 326.404137

Airplane 6
FO: 0.000000
fast_of: 19.065630
Válida: t
162 16 46 94 124 23 101 58 136 60 138 0 65 143 78 22 100 17 95 27 77 105 66 144 68 146 155 6 84 1 79 45 123 169
Utility: 3946.452333

