Airplane 0
FO: -38.259398
fast_of: -38.259398
Válida: t
156 24 102 77 66 144 68 155 146 19 97 76 154 163
Utility: 1744.870317

Airplane 1
FO: -46.501462
fast_of: -46.501462
Válida: t
157 18 69 96 147 47 125 74 152 164
Utility: 249.705279

Airplane 2
FO: -0.000000
fast_of: -0.000000
Válida: t
158 52 16 130 67 94 73 151 145 56 65 134 143 165
Utility: 1314.723832

Airplane 3
FO: -0.000000
fast_of: -0.000000
Válida: t
159 0 41 78 22 119 34 112 100 71 7 85 12 90 149 20 98 166
Utility: 1510.664578

Airplane 4
FO: -250.044617
fast_of: -250.044617
Válida: t
160 64 46 142 48 124 126 9 87 53 131 25 103 17 95 167
Utility: 900.881026

Airplane 5
FO: -63.687007
fast_of: -63.687007
Válida: t
161 51 129 5 83 42 120 37 3 26 115 104 81 32 110 168
Utility: 633.766049

Airplane 6
FO: 0.000000
fast_of: 0.000000
Válida: t
162 8 86 23 101 61 139 10 88 59 137 75 153 55 133 27 31 105 109 6 84 1 79 45 123 169
Utility: 2199.879215

