Airplane 0
FO: -88.125191
fast_of: -88.125191
Válida: t
156 15 93 23 101 163
Utility: 281.988337

Airplane 1
FO: 0.000000
fast_of: 0.000000
Válida: t
157 24 102 77 66 144 68 155 146 1 79 6 84 164
Utility: 1678.596807

Airplane 2
FO: -0.000000
fast_of: -0.000000
Válida: t
158 8 86 11 89 9 87 53 131 55 133 71 149 69 7 147 85 42 120 165
Utility: 966.437456

Airplane 3

Airplane 4
FO: -83.224552
fast_of: -83.224552
Válida: t
160 52 130 16 67 94 145 10 88 0 56 134 78 22 100 25 103 54 132 40 118 19 97 167
Utility: 2232.551406

Airplane 5
FO: -53.738948
fast_of: -50.749709
Válida: t
161 46 124 73 151 58 136 35 113 33 111 27 105 18 96 74 5 152 83 20 98 32 110 168
Utility: 1947.126273

Airplane 6
FO: -202.556240
fast_of: -202.556240
Válida: t
162 61 65 139 41 143 75 153 119 34 112 44 122 31 37 109 115 26 104 169
Utility: 1435.365553

