Airplane 0
FO: -213.882783
fast_of: -213.882783
Válida: t
156 15 93 11 89 67 145 0 78 163
Utility: 580.403865

Airplane 1
FO: 0.000000
fast_of: 0.000000
Válida: t
157 17 95 18 96 68 7 85 74 152 146 26 104 164
Utility: 576.235870

Airplane 2
FO: -239.655963
fast_of: -239.655963
Válida: t
158 77 155 40 118 19 97 165
Utility: 916.178959

Airplane 3

Airplane 4
FO: -69.549352
fast_of: -69.549352
Válida: t
160 52 48 130 126 73 151 61 139 35 113 59 137 55 133 69 147 167
Utility: 1215.835742

Airplane 5
FO: -64.151765
fast_of: -64.151765
Válida: t
161 33 111 24 42 102 120 20 98 32 110 168
Utility: 942.019317

Airplane 6
FO: 0.000000
fast_of: 0.547608
Válida: t
162 46 16 124 94 23 30 101 10 88 108 56 65 134 41 143 75 153 34 119 112 71 149 27 54 132 105 66 144 6 3 84 81 1 79 76 154 169
Utility: 4082.787495

