Airplane 0
FO: -47.338503
fast_of: -47.338503
Válida: t
156 52 130 16 94 23 101 58 136 163
Utility: 760.763344

Airplane 1
FO: -125.105974
fast_of: -125.105974
Válida: t
157 0 78 22 34 112 100 44 122 7 85 20 98 1 79 164
Utility: 1199.494759

Airplane 2

Airplane 3
FO: -0.000000
fast_of: -0.000000
Válida: t
159 46 67 124 61 139 145 65 143 33 111 27 54 132 24 105 102 18 31 96 109 166
Utility: 2231.191870

Airplane 4
FO: -215.091244
fast_of: -215.091244
Válida: t
160 64 142 48 126 15 93 29 107 9 87 53 131 25 103 69 147 51 129 19 97 167
Utility: 1066.379443

Airplane 5
FO: -199.254979
fast_of: -159.332829
Válida: t
161 37 74 152 47 125 115 26 3 104 81 32 110 168
Utility: 508.182046

Airplane 6
FO: 0.000000
fast_of: 0.000000
Válida: t
162 8 86 11 89 60 138 56 134 35 113 62 140 59 137 55 133 71 149 66 77 144 68 146 155 6 84 76 154 45 123 169
Utility: 2951.409408

