Airplane 0
FO: 0.000000
fast_of: 5.033765
Válida: t
156 52 130 16 46 94 124 73 151 58 136 60 138 53 131 34 112 163
Utility: 1212.422987

Airplane 1
FO: -103.534827
fast_of: -103.534827
Válida: t
157 18 77 96 155 19 97 26 104 164
Utility: 1170.117014

Airplane 2
FO: -65.015747
fast_of: -65.015747
Válida: t
158 23 101 67 145 56 65 134 143 165
Utility: 1198.881248

Airplane 3
FO: -87.116060
fast_of: -87.116060
Válida: t
159 33 111 27 105 24 102 20 98 1 79 76 154 166
Utility: 1683.748324

Airplane 4
FO: -39.692195
fast_of: -39.692195
Válida: t
160 64 142 48 15 93 126 61 139 22 100 25 103 69 147 167
Utility: 824.653245

Airplane 5
FO: 0.000000
fast_of: 18.899618
Válida: t
161 51 129 74 5 152 83 47 125 40 118 3 37 115 81 32 110 168
Utility: 684.737282

Airplane 6
FO: 0.000000
fast_of: 0.000000
Válida: t
162 0 78 41 62 140 59 137 119 54 132 31 71 109 149 66 144 68 146 169
Utility: 1406.619416

