Airplane 0
FO: -36.912459
fast_of: -36.912459
Válida: t
156 15 93 52 67 130 145 0 41 78 34 119 112 25 103 163
Utility: 1465.625982

Airplane 1
FO: -0.000000
fast_of: -0.000000
Válida: t
157 22 100 70 148 7 85 51 129 6 3 81 84 76 154 164
Utility: 863.363858

Airplane 2
FO: 0.000000
fast_of: 0.000000
Válida: t
158 16 94 11 89 9 87 56 65 134 143 165
Utility: 1048.954787

Airplane 3
FO: -54.118483
fast_of: -54.118483
Válida: t
159 55 49 127 133 54 132 24 102 77 37 155 1 115 79 166
Utility: 1461.023256

Airplane 4

Airplane 5
FO: 0.000000
fast_of: 0.000000
Válida: t
161 71 18 149 42 31 96 109 120 20 98 26 104 32 110 168
Utility: 1096.850667

Airplane 6
FO: -95.657328
fast_of: -95.657328
Válida: t
162 46 124 23 101 10 88 59 137 75 153 17 95 27 105 66 144 68 146 19 97 169
Utility: 2275.148512

