Airplane 0

Airplane 1
FO: -56.350829
fast_of: -56.350829
Válida: t
157 46 124 23 101 61 139 59 137 25 103 18 96 51 129 164
Utility: 1628.539153

Airplane 2
FO: -175.902125
fast_of: -175.902125
Válida: t
158 7 85 40 118 42 120 19 97 165
Utility: 419.282346

Airplane 3
FO: -162.770902
fast_of: -162.770902
Válida: t
159 55 49 127 133 54 132 24 102 20 98 1 79 166
Utility: 1061.168910

Airplane 4
FO: -47.458303
fast_of: -47.458303
Válida: t
160 64 16 142 48 94 15 93 126 9 87 58 136 56 134 41 22 119 34 112 100 69 147 167
Utility: 2039.383794

Airplane 5
FO: -108.053331
fast_of: -108.053331
Válida: t
161 27 105 74 5 152 83 6 3 84 81 26 104 168
Utility: 826.648091

Airplane 6
FO: 0.000000
fast_of: 0.000000
Válida: t
162 11 89 67 73 151 145 0 65 78 143 75 153 35 113 62 140 17 95 71 149 77 66 144 68 146 155 37 115 76 154 45 123 169
Utility: 2930.405459

