Airplane 0

Airplane 1
FO: -39.832823
fast_of: -39.832823
Válida: t
157 70 148 7 68 85 146 47 125 26 104 164
Utility: 250.652890

Airplane 2
FO: -204.914735
fast_of: -204.914735
Válida: t
158 0 56 134 41 78 22 119 100 71 31 149 109 40 118 20 98 165
Utility: 1828.878473

Airplane 3
FO: 0.000000
fast_of: 72.879054
Válida: t
159 8 86 11 89 13 91 61 139 35 113 33 111 27 54 132 24 102 105 77 66 144 155 6 84 1 79 166
Utility: 2949.362751

Airplane 4
FO: -132.026814
fast_of: -132.026814
Válida: t
160 64 142 15 93 23 101 9 87 65 143 25 103 69 147 19 50 128 97 167
Utility: 1302.554935

Airplane 5
FO: -197.269434
fast_of: -197.269434
Válida: t
161 76 154 32 110 168
Utility: 240.663929

Airplane 6
FO: -162.841730
fast_of: -162.841730
Válida: t
162 48 46 126 67 124 73 151 145 10 88 59 34 112 137 55 133 18 96 37 3 115 81 169
Utility: 1930.056341

