Airplane 0
FO: -4.154982
fast_of: -4.154982
Válida: t
156 16 46 94 124 23 101 61 139 35 113 59 137 163
Utility: 1435.885978

Airplane 1
FO: -259.089124
fast_of: -259.089124
Válida: t
157 27 105 47 125 26 104 164
Utility: 350.160593

Airplane 2
FO: -102.947130
fast_of: -102.947130
Válida: t
158 77 155 40 118 42 120 6 84 165
Utility: 906.944431

Airplane 3
FO: -0.000000
fast_of: -0.000000
Válida: t
159 49 127 33 111 54 132 24 102 20 98 1 79 76 154 166
Utility: 1383.266019

Airplane 4
FO: 0.000000
fast_of: 1.951606
Válida: t
160 52 48 130 67 126 73 151 145 65 143 75 153 17 95 69 147 167
Utility: 1340.484057

Airplane 5
FO: 0.000000
fast_of: 0.000000
Válida: t
161 51 129 74 5 152 83 19 97 32 110 168
Utility: 629.139517

Airplane 6
FO: -0.000000
fast_of: 36.982848
Válida: t
162 8 86 11 89 58 136 56 41 134 22 119 34 112 100 71 149 66 37 144 68 146 115 169
Utility: 2193.868042

