Airplane 0
FO: -269.687071
fast_of: -269.687071
Válida: t
156 11 89 58 136 56 134 163
Utility: 500.335992

Airplane 1
FO: -138.493055
fast_of: -138.493055
Válida: t
157 33 111 77 66 144 155 164
Utility: 853.413725

Airplane 2
FO: -23.966730
fast_of: -23.966730
Válida: t
158 73 67 151 145 60 138 0 78 22 34 112 100 165
Utility: 957.568929

Airplane 3
FO: -105.213214
fast_of: -105.213214
Válida: t
159 7 85 42 120 37 47 125 1 115 79 166
Utility: 359.615318

Airplane 4
FO: -0.000000
fast_of: 4.410598
Válida: t
160 52 48 130 126 9 87 53 131 25 103 17 95 69 18 96 147 40 118 6 84 32 50 128 26 104 110 167
Utility: 1847.936342

Airplane 5

Airplane 6
FO: -0.000000
fast_of: -0.000000
Válida: t
162 46 16 124 94 23 101 61 139 41 65 143 75 153 55 119 133 54 27 132 24 105 102 20 98 19 97 76 154 169
Utility: 3909.694716

