Airplane 0
FO: -142.846335
fast_of: -129.913956
Válida: t
156 15 93 73 151 67 10 88 145 56 134 163
Utility: 690.448354

Airplane 1
FO: -95.103642
fast_of: -76.819410
Válida: t
157 18 96 42 24 102 120 20 98 32 110 164
Utility: 862.388497

Airplane 2

Airplane 3
FO: -0.000000
fast_of: -0.000000
Válida: t
159 8 86 11 89 58 136 59 137 75 153 55 133 51 129 40 118 19 97 26 104 76 154 166
Utility: 1999.333928

Airplane 4
FO: -202.701323
fast_of: -202.701323
Válida: t
160 52 48 130 126 9 87 41 119 34 112 17 95 167
Utility: 1057.237361

Airplane 5
FO: -52.952628
fast_of: -33.941351
Válida: t
161 60 138 0 78 33 111 27 105 77 66 144 68 155 146 168
Utility: 1721.797045

Airplane 6
FO: -97.261421
fast_of: -97.261421
Válida: t
162 46 16 94 124 61 65 139 143 25 103 69 31 147 109 6 84 1 79 45 123 169
Utility: 1971.445579

