Airplane 0
FO: 0.000000
fast_of: 0.000000
Válida: t
156 15 93 52 130 73 151 58 136 163
Utility: 168.036395

Airplane 1
FO: -203.224425
fast_of: -203.224425
Válida: t
157 71 31 149 109 164
Utility: 56.784994

Airplane 2
FO: -75.134145
fast_of: -75.134145
Válida: t
158 23 101 13 91 56 134 55 133 165
Utility: 775.548447

Airplane 3
FO: -15.991572
fast_of: -15.991572
Válida: t
159 59 137 49 127 72 150 54 132 77 18 155 96 37 115 26 104 1 79 166
Utility: 1605.043059

Airplane 4
FO: 0.000000
fast_of: 0.000000
Válida: t
160 64 16 46 142 94 124 9 87 61 139 41 119 34 112 25 103 69 147 40 118 167
Utility: 2049.179511

Airplane 5
FO: 0.000000
fast_of: 0.000000
Válida: t
161 51 129 74 5 152 83 20 98 32 110 168
Utility: 719.683659

Airplane 6
FO: -0.000000
fast_of: -0.000000
Válida: t
162 48 126 11 89 67 10 88 145 0 65 78 143 22 100 75 153 17 95 27 105 24 102 66 144 68 146 47 125 3 81 76 154 169
Utility: 2895.487192

