Airplane 0

Airplane 1

Airplane 2
FO: -242.165827
fast_of: -199.608019
Válida: t
158 40 118 42 120 19 3 97 81 165
Utility: 448.061259

Airplane 3
FO: -0.000000
fast_of: -0.000000
Válida: t
159 49 127 33 111 27 105 18 96 37 26 115 104 166
Utility: 822.469196

Airplane 4
FO: 0.000000
fast_of: 0.000000
Válida: t
160 52 48 130 126 9 87 53 131 17 95 69 147 51 129 6 84 167
Utility: 1132.201762

Airplane 5
FO: 0.000000
fast_of: 38.049905
Válida: t
161 64 16 46 142 94 124 23 101 61 139 41 59 137 34 119 112 25 103 24 102 20 98 32 110 168
Utility: 3263.310967

Airplane 6
FO: 0.000000
fast_of: 0.000000
Válida: t
162 11 89 67 10 88 145 56 65 143 134 55 133 71 77 149 68 146 155 1 79 45 123 169
Utility: 2503.859894

