Airplane 0

Airplane 1
FO: -175.932335
fast_of: -175.932335
Válida: t
157 20 98 32 26 110 104 164
Utility: 619.341629

Airplane 2
FO: -81.248681
fast_of: -81.248681
Válida: t
158 8 86 11 89 9 87 56 65 134 143 165
Utility: 890.553934

Airplane 3
FO: -64.246344
fast_of: -64.246344
Válida: t
159 55 49 127 72 150 133 51 129 31 109 6 84 166
Utility: 488.494350

Airplane 4
FO: -31.445774
fast_of: -15.381371
Válida: t
160 52 130 67 61 145 139 35 113 59 41 137 119 25 103 69 147 40 118 19 3 81 97 167
Utility: 2386.993728

Airplane 5
FO: -231.535642
fast_of: -229.881037
Válida: t
161 46 124 58 136 53 131 33 111 54 132 18 96 168
Utility: 772.674194

Airplane 6
FO: -5.655274
fast_of: -5.655274
Válida: t
162 48 16 126 94 23 101 10 88 60 138 0 78 22 34 112 100 71 149 27 77 105 66 144 68 155 146 1 79 76 154 169
Utility: 3697.804079

