Airplane 0
FO: -14.943877
fast_of: -14.943877
Válida: t
156 11 89 67 73 151 145 65 143 34 112 163
Utility: 954.377718

Airplane 1
FO: 0.000000
fast_of: 47.158156
Válida: t
157 75 153 35 113 33 111 27 54 132 105 77 66 144 68 155 146 40 118 19 3 81 97 1 79 164
Utility: 2685.181657

Airplane 2
FO: -98.382012
fast_of: -98.382012
Válida: t
158 23 101 58 136 59 137 22 100 165
Utility: 823.590614

Airplane 3
FO: -29.414349
fast_of: -29.414349
Válida: t
159 49 127 72 71 150 149 24 18 96 102 37 6 84 115 26 104 76 154 166
Utility: 1266.617585

Airplane 4
FO: -296.060954
fast_of: -296.060954
Válida: t
160 64 142 48 15 93 126 61 139 41 119 25 103 69 31 147 109 20 50 128 98 167
Utility: 1619.932089

Airplane 5
FO: -0.000000
fast_of: -0.000000
Válida: t
161 64 16 46 142 94 124 60 138 56 134 55 133 51 129 74 5 152 83 168
Utility: 1354.780348

Airplane 6

