Airplane 0

Airplane 1

Airplane 2
FO: -8.594843
fast_of: -8.594843
Válida: t
158 23 101 9 87 56 65 134 143 75 153 55 133 165
Utility: 1272.160152

Airplane 3
FO: -0.894749
fast_of: 9.484578
Válida: t
159 52 130 67 10 145 88 59 41 137 119 54 132 42 24 102 120 19 97 32 110 166
Utility: 1988.686096

Airplane 4
FO: -102.273169
fast_of: -102.273169
Válida: t
160 8 86 11 89 58 136 0 78 22 100 69 147 51 129 6 3 84 81 167
Utility: 1380.427950

Airplane 5
FO: -0.000000
fast_of: 71.247569
Válida: t
161 64 16 46 142 94 124 73 151 61 139 60 138 53 131 17 95 27 105 77 66 144 68 155 146 40 118 20 98 26 104 76 154 168
Utility: 3775.891435

Airplane 6
FO: 0.000000
fast_of: 0.000000
Válida: t
162 35 113 62 140 33 111 7 85 31 37 109 115 1 79 169
Utility: 674.380722

