Airplane 0
FO: -134.996099
fast_of: -134.996099
Válida: t
156 77 37 155 115 32 110 163
Utility: 772.300205

Airplane 1
FO: 0.000000
fast_of: 0.000000
Válida: t
157 41 55 119 133 51 129 74 152 1 79 6 84 164
Utility: 1165.376907

Airplane 2
FO: -13.241961
fast_of: -13.241961
Válida: t
158 52 130 67 73 151 145 165
Utility: 406.914511

Airplane 3
FO: -0.000000
fast_of: 64.878602
Válida: t
159 22 34 112 100 71 149 54 132 18 42 31 96 12 90 109 120 20 98 76 154 166
Utility: 1628.890305

Airplane 4
FO: -0.000000
fast_of: 29.456539
Válida: t
160 64 46 142 48 126 124 23 101 58 136 59 137 25 103 17 95 27 105 24 102 69 147 40 118 167
Utility: 2614.035544

Airplane 5

Airplane 6
FO: -0.000000
fast_of: 30.425046
Válida: t
162 11 89 60 138 56 65 134 143 33 111 7 85 66 144 68 146 3 19 81 97 169
Utility: 1704.730269

