Airplane 0
FO: -160.137934
fast_of: -160.137934
Válida: t
156 15 93 8 86 67 145 60 138 163
Utility: 313.825749

Airplane 1
FO: 0.000000
fast_of: 0.000000
Válida: t
157 11 89 13 91 61 139 56 65 134 143 33 111 51 129 68 146 164
Utility: 1425.709720

Airplane 2
FO: -5.758804
fast_of: -5.758804
Válida: t
158 71 149 69 147 40 118 42 120 20 98 32 26 110 104 165
Utility: 1193.385324

Airplane 3
FO: -81.455825
fast_of: -81.455825
Válida: t
159 49 127 17 95 18 77 155 96 19 3 81 97 1 79 166
Utility: 1535.022158

Airplane 4
FO: -270.142693
fast_of: -263.388552
Válida: t
160 52 48 130 126 9 87 0 78 22 34 100 112 25 103 167
Utility: 1103.075186

Airplane 5
FO: -144.919991
fast_of: -144.919991
Válida: t
161 74 5 152 83 6 37 115 84 76 154 168
Utility: 629.304086

Airplane 6
FO: -154.897037
fast_of: -154.897037
Válida: t
162 46 16 124 94 23 101 10 88 59 41 137 119 27 54 132 24 105 102 66 144 169
Utility: 2572.332113

