Airplane 0
FO: -153.738588
fast_of: -153.738588
Válida: t
156 52 130 16 94 11 89 163
Utility: 444.710062

Airplane 1
FO: -223.861943
fast_of: -223.861943
Válida: t
157 69 147 68 146 1 79 76 154 164
Utility: 698.799953

Airplane 2

Airplane 3
FO: 0.000000
fast_of: 0.000000
Válida: t
159 55 49 127 72 150 133 54 132 51 129 74 152 20 98 3 6 84 81 166
Utility: 1125.760020

Airplane 4
FO: -120.886387
fast_of: -120.886387
Válida: t
160 64 142 48 15 93 126 9 87 0 65 143 78 22 34 112 100 71 149 24 102 167
Utility: 1342.604144

Airplane 5
FO: -262.733632
fast_of: -250.491953
Válida: t
161 67 73 151 145 61 139 41 119 27 105 77 66 144 155 40 118 19 97 32 110 168
Utility: 2935.067838

Airplane 6
FO: 0.000000
fast_of: 0.000000
Válida: t
162 8 86 23 101 58 136 56 134 35 113 62 140 59 137 75 153 70 148 44 122 31 18 96 37 109 115 26 104 169
Utility: 1855.436688

