Airplane 0
FO: 0.000000
fast_of: 11.544752
Válida: t
156 52 130 46 48 126 67 124 61 145 139 53 131 75 153 17 95 69 147 20 98 163
Utility: 2120.678687

Airplane 1
FO: -169.604484
fast_of: -169.604484
Válida: t
157 24 37 102 115 164
Utility: 162.896935

Airplane 2
FO: -217.381922
fast_of: -217.381922
Válida: t
158 0 78 34 112 165
Utility: 135.952475

Airplane 3

Airplane 4
FO: 0.000000
fast_of: 0.000000
Válida: t
160 64 16 142 94 11 89 9 87 56 65 134 41 143 22 100 119 25 103 27 54 132 105 77 66 144 68 155 146 19 3 81 97 26 104 76 154 167
Utility: 4485.761788

Airplane 5
FO: -18.317511
fast_of: -18.317511
Válida: t
161 74 5 152 83 47 125 1 79 168
Utility: 216.406577

Airplane 6
FO: -120.260370
fast_of: -120.260370
Válida: t
162 8 86 23 101 10 88 59 137 33 111 18 42 31 96 109 120 6 84 169
Utility: 1388.436615

