Airplane 0
FO: -198.764983
fast_of: -198.764983
Válida: t
156 51 129 19 4 82 97 32 110 76 154 163
Utility: 780.383822

Airplane 1

Airplane 2
FO: 0.000000
fast_of: 0.000000
Válida: t
158 8 86 23 101 9 87 56 65 134 143 165
Utility: 1089.644535

Airplane 3
FO: -30.851395
fast_of: -30.851395
Válida: t
159 49 127 33 111 54 132 42 120 37 74 152 115 1 79 166
Utility: 659.699754

Airplane 4
FO: -96.984063
fast_of: -59.376982
Válida: t
160 52 130 11 89 58 136 0 78 22 100 25 103 24 102 69 147 40 118 6 84 167
Utility: 1785.450341

Airplane 5
FO: -98.766706
fast_of: -98.766706
Válida: t
161 64 16 142 48 94 126 67 73 151 145 168
Utility: 777.656501

Airplane 6
FO: -42.294089
fast_of: -42.294089
Válida: t
162 46 124 61 139 10 88 41 119 34 112 75 153 27 77 105 66 144 68 146 155 20 98 26 104 169
Utility: 3284.211004

