Airplane 0
FO: -205.420034
fast_of: -205.420034
Válida: t
156 16 46 94 124 61 139 59 137 163
Utility: 951.174203

Airplane 1
FO: 0.000000
fast_of: 0.000000
Válida: t
157 66 77 144 155 1 79 26 104 164
Utility: 1143.230327

Airplane 2
FO: -56.476574
fast_of: -56.476574
Válida: t
158 33 111 18 69 96 147 40 118 42 120 19 97 165
Utility: 850.336822

Airplane 3
FO: -0.000000
fast_of: -0.000000
Válida: t
159 8 86 23 101 9 87 58 136 56 134 22 100 25 103 27 105 24 102 51 129 74 152 37 3 115 32 81 110 76 154 166
Utility: 3016.459083

Airplane 4
FO: -168.474548
fast_of: -168.474548
Válida: t
160 52 48 130 67 126 145 65 143 34 112 71 149 20 98 167
Utility: 1535.151375

Airplane 5

Airplane 6
FO: -299.329088
fast_of: -299.329088
Válida: t
162 11 89 10 88 41 119 75 153 70 148 44 122 31 109 6 84 45 123 169
Utility: 830.722049

