Airplane 0

Airplane 1
FO: -139.066437
fast_of: -139.066437
Válida: t
157 67 61 145 139 59 137 17 95 18 96 68 7 85 146 26 104 76 154 164
Utility: 1678.932755

Airplane 2
FO: -100.850028
fast_of: -100.850028
Válida: t
158 0 78 34 112 55 133 69 147 40 118 31 42 109 120 20 98 165
Utility: 1348.058996

Airplane 3
FO: -38.834548
fast_of: -38.834548
Válida: t
159 22 100 72 150 54 132 24 37 102 115 19 97 32 110 166
Utility: 1012.719036

Airplane 4
FO: -143.960158
fast_of: -125.409482
Válida: t
160 52 48 130 126 9 87 56 134 33 111 51 129 167
Utility: 1032.094460

Airplane 5
FO: -41.756017
fast_of: -41.756017
Válida: t
161 64 16 142 94 11 89 58 136 168
Utility: 428.811242

Airplane 6
FO: -222.812169
fast_of: -190.228739
Válida: t
162 46 124 23 30 101 108 10 88 41 65 143 75 153 119 27 77 105 71 149 155 6 84 1 79 45 123 169
Utility: 3141.336996

