Airplane 0

Airplane 1
FO: -166.725930
fast_of: -166.725930
Válida: t
157 77 155 47 125 26 104 50 128 164
Utility: 669.006257

Airplane 2
FO: -87.140485
fast_of: -87.140485
Válida: t
158 34 112 55 133 51 129 40 118 20 98 76 154 165
Utility: 1262.493295

Airplane 3
FO: 0.000000
fast_of: 0.000000
Válida: t
159 11 89 9 87 65 143 41 59 137 119 25 103 54 132 42 19 120 97 1 79 166
Utility: 2160.965433

Airplane 4
FO: -38.071188
fast_of: -14.349869
Válida: t
160 52 130 73 151 60 138 0 56 134 78 22 100 17 95 27 105 24 102 31 37 109 115 167
Utility: 2025.820218

Airplane 5
FO: -46.611990
fast_of: -46.611990
Válida: t
161 69 7 147 85 74 5 152 83 6 84 32 110 168
Utility: 630.146738

Airplane 6
FO: -94.555181
fast_of: -94.555181
Válida: t
162 46 16 124 94 23 101 61 139 35 113 62 140 33 111 71 66 149 144 68 146 169
Utility: 1901.132787

