Airplane 0
FO: -78.403152
fast_of: -78.403152
Válida: t
156 15 93 23 101 67 145 163
Utility: 623.204655

Airplane 1
FO: -244.122334
fast_of: -244.122334
Válida: t
157 33 111 77 7 85 155 1 79 6 84 164
Utility: 1306.627784

Airplane 2
FO: -150.083657
fast_of: -150.083657
Válida: t
158 40 118 31 109 20 98 165
Utility: 484.606778

Airplane 3
FO: -126.046056
fast_of: -120.414572
Válida: t
159 8 86 11 89 61 139 56 134 75 153 17 95 55 133 54 132 51 129 166
Utility: 1428.945587

Airplane 4
FO: -205.405165
fast_of: -205.405165
Válida: t
160 64 46 142 124 9 87 41 119 25 103 69 147 19 97 167
Utility: 1407.918279

Airplane 5
FO: -99.343070
fast_of: -66.193717
Válida: t
161 27 105 24 102 37 68 146 26 115 104 76 154 168
Utility: 1277.616927

Airplane 6
FO: -73.999656
fast_of: -73.999656
Válida: t
162 48 16 126 94 73 151 60 138 65 143 22 34 112 100 71 149 66 144 32 110 169
Utility: 1560.261599

