Airplane 0
FO: -91.523342
fast_of: -91.523342
Válida: t
156 16 46 94 124 23 101 61 139 163
Utility: 1097.379313

Airplane 1

Airplane 2
FO: -264.456344
fast_of: -257.444519
Válida: t
158 0 78 33 111 18 42 31 96 109 120 19 3 81 97 26 104 165
Utility: 1068.982092

Airplane 3
FO: -63.916328
fast_of: -63.916328
Válida: t
159 41 59 137 119 34 112 25 103 24 37 102 115 1 79 166
Utility: 1617.014803

Airplane 4
FO: -111.665881
fast_of: -111.665881
Válida: t
160 52 48 130 67 126 73 151 145 65 143 167
Utility: 814.443921

Airplane 5
FO: -92.670835
fast_of: -92.670835
Válida: t
161 69 147 74 152 40 118 6 84 32 110 168
Utility: 645.451968

Airplane 6
FO: 0.000000
fast_of: 46.383900
Válida: t
162 8 86 11 89 60 138 53 131 56 134 75 153 55 133 17 95 27 54 132 105 77 66 144 68 146 155 20 98 76 154 45 123 169
Utility: 3499.262450

