Airplane 0

Airplane 1
FO: 0.000000
fast_of: 0.000000
Válida: t
157 11 89 67 73 151 145 65 143 33 111 51 129 19 97 164
Utility: 1475.280075

Airplane 2
FO: -272.252504
fast_of: -272.252504
Válida: t
158 61 139 41 22 100 119 27 105 42 120 3 81 165
Utility: 1130.594305

Airplane 3
FO: -53.141681
fast_of: -53.141681
Válida: t
159 49 127 72 71 149 150 54 132 24 37 102 115 26 104 1 79 166
Utility: 945.923706

Airplane 4
FO: 0.000000
fast_of: 0.000000
Válida: t
160 64 142 48 15 93 126 9 87 58 136 53 131 59 137 34 112 25 103 69 147 77 155 167
Utility: 1911.772988

Airplane 5
FO: 0.000000
fast_of: 0.000000
Válida: t
161 74 5 152 83 47 125 40 118 6 84 76 154 168
Utility: 676.462432

Airplane 6
FO: 0.000000
fast_of: 5.688948
Válida: t
162 46 16 124 94 23 101 10 88 60 138 0 56 78 75 134 153 17 95 18 66 96 144 20 98 32 110 45 123 169
Utility: 2740.873617

