Airplane 0
156 16 46 94 124 23 101 58 136 0 78 22 100 17 95 163
Utility: 1557.133194

Airplane 1
157 56 134 55 133 51 129 40 118 37 115 32 26 110 104 164
Utility: 707.172900

Airplane 2

Airplane 3
159 41 119 49 127 72 150 54 132 24 102 71 149 20 98 1 79 76 154 166
Utility: 1502.989878

Airplane 4
160 64 142 67 9 145 87 53 131 25 103 69 147 167
Utility: 504.647394

Airplane 5
161 56 134 35 113 33 111 77 155 3 19 81 97 168
Utility: 1110.887076

Airplane 6
162 65 143 75 153 27 105 31 109 6 84 169
Utility: 791.527659

