Airplane 0
156 19 3 81 97 76 154 163
Utility: 537.674834

Airplane 1

Airplane 2
158 77 155 40 118 42 120 165
Utility: 661.118381

Airplane 3
159 41 119 54 132 24 102 37 115 1 79 166
Utility: 933.857947

Airplane 4
160 64 46 142 48 124 126 9 87 53 131 25 103 69 147 51 129 6 84 167
Utility: 1367.776590

Airplane 5
161 74 152 47 125 50 128 32 110 26 104 168
Utility: 251.201141

Airplane 6
162 23 101 67 145 30 108 56 65 134 143 75 153 49 127 55 133 71 149 27 105 66 144 20 98 45 123 169
Utility: 2548.258740

