Airplane 0
156 15 93 48 67 126 73 151 145 65 143 41 62 140 59 137 119 25 103 69 147 40 4 82 118 42 120 20 98 26 104 163
Utility: 2309.018141

Airplane 1

Airplane 2
158 18 96 51 129 19 3 81 97 1 79 76 154 165
Utility: 1073.358018

Airplane 3
159 49 127 33 111 54 132 24 102 77 155 166
Utility: 876.590055

Airplane 4

Airplane 5
161 8 86 11 89 58 136 60 138 56 65 134 143 22 34 25 112 100 103 27 105 24 102 69 147 74 152 37 50 115 128 32 110 168
Utility: 1475.793707

Airplane 6
162 46 16 124 94 23 101 10 88 56 65 134 143 75 153 55 133 17 95 71 31 109 149 66 144 68 146 6 84 45 123 169
Utility: 2145.016697

