Airplane 0
156 52 130 46 67 124 73 151 145 0 65 78 143 22 100 163
Utility: 1186.806411

Airplane 1
157 27 77 105 155 6 84 76 154 164
Utility: 1080.551940

Airplane 2
158 65 143 33 111 69 147 40 118 42 120 3 81 32 110 76 154 165
Utility: 556.406372

Airplane 3
159 56 134 55 133 54 132 66 144 20 98 26 104 166
Utility: 1212.204629

Airplane 4
160 64 16 142 48 94 15 93 126 9 87 61 139 41 59 137 34 119 112 25 103 24 102 68 146 19 97 167
Utility: 2392.036152

Airplane 5
161 51 129 74 5 152 83 37 115 76 154 168
Utility: 159.971833

Airplane 6
162 23 101 10 88 65 143 75 153 70 148 44 122 31 109 1 79 45 123 169
Utility: 629.376278

