Airplane 0
156 52 130 16 46 94 124 67 145 0 78 35 113 59 137 17 95 163
Utility: 1375.927644

Airplane 1
157 41 35 113 59 137 119 44 122 66 144 1 79 164
Utility: 538.482844

Airplane 2
158 11 89 61 139 56 134 33 111 27 105 40 118 165
Utility: 1309.338508

Airplane 3
159 34 112 72 150 24 102 20 98 6 84 76 154 166
Utility: 1249.798753

Airplane 4
160 64 142 48 126 23 101 9 87 53 131 25 103 69 147 77 155 19 50 128 97 167
Utility: 2042.219939

Airplane 5
161 22 100 55 133 54 132 51 129 37 68 146 115 26 32 104 110 168
Utility: 829.137240

Airplane 6

