Airplane 0
156 77 66 144 68 155 146 4 82 6 84 26 104 163
Utility: 1279.481268

Airplane 1
157 56 65 134 143 22 100 17 95 69 24 102 147 40 118 37 115 32 110 164
Utility: 1099.052815

Airplane 2
158 16 46 94 67 124 61 139 145 165
Utility: 743.905533

Airplane 3
159 58 136 49 55 127 133 72 150 54 132 71 27 149 105 20 98 47 125 1 79 76 154 166
Utility: 1087.700024

Airplane 4
160 64 142 48 126 23 101 9 87 59 137 34 112 25 103 27 105 24 102 51 129 19 50 128 97 167
Utility: 1307.224763

Airplane 5

Airplane 6

