Airplane 0
156 61 139 0 41 78 22 119 34 112 100 69 147 40 4 82 118 163
Utility: 1486.157275

Airplane 1
157 33 111 77 155 19 3 81 97 164
Utility: 1143.609689

Airplane 2
158 46 67 124 145 165
Utility: 481.300744

Airplane 3
159 55 49 127 133 71 149 54 132 42 120 20 98 1 79 166
Utility: 1036.710134

Airplane 4
160 52 130 9 87 58 136 35 113 59 137 25 103 24 102 51 129 167
Utility: 1135.409073

Airplane 5
161 17 95 18 31 96 37 109 115 32 110 168
Utility: 519.425114

Airplane 6
162 48 16 126 94 23 30 101 108 65 143 75 153 27 105 66 144 68 146 6 84 26 104 76 154 45 123 169
Utility: 2268.310535

