Airplane 0
156 52 130 16 94 73 151 60 138 163
Utility: 388.178066

Airplane 1

Airplane 2
158 23 101 61 139 59 41 137 119 71 149 165
Utility: 1286.848421

Airplane 3
159 22 100 25 103 27 105 20 98 1 79 166
Utility: 887.797874

Airplane 4
160 8 86 11 89 9 87 53 131 17 95 27 105 24 102 51 129 19 97 32 110 76 154 167
Utility: 1728.397930

Airplane 5
161 58 136 0 78 65 143 33 111 77 66 144 68 155 146 37 115 26 3 81 104 168
Utility: 1941.596190

Airplane 6
162 46 48 124 126 67 10 88 145 56 59 134 137 55 133 27 105 31 109 74 152 40 118 6 3 81 84 76 154 45 123 169
Utility: 1910.471604

