Airplane 0

Airplane 1
157 6 3 81 84 26 104 164
Utility: 252.921471

Airplane 2
158 67 145 61 139 165
Utility: 358.818971

Airplane 3
159 52 130 46 16 94 124 9 87 56 134 41 59 137 119 34 112 72 150 27 54 132 24 105 102 20 98 1 79 76 154 166
Utility: 2217.175382

Airplane 4
160 64 142 48 126 15 93 29 107 9 87 53 131 25 103 69 147 68 146 19 97 167
Utility: 368.657475

Airplane 5
161 35 113 33 111 69 147 74 152 5 83 40 118 37 115 76 154 32 110 168
Utility: 448.629687

Airplane 6
162 23 101 10 88 65 143 75 153 70 148 17 95 27 77 105 71 149 155 169
Utility: 1521.917769

