Airplane 0

Airplane 1
157 52 130 46 48 9 126 124 87 56 134 22 100 17 95 69 147 40 118 68 146 26 104 164
Utility: 1918.112018

Airplane 2

Airplane 3
159 34 112 72 150 54 132 71 77 149 155 20 98 1 79 166
Utility: 1351.538847

Airplane 4
160 64 16 142 94 23 101 61 139 41 59 137 119 25 103 27 105 66 144 42 19 120 97 167
Utility: 2701.590362

Airplane 5
161 31 109 74 5 152 83 37 6 84 115 32 110 76 154 168
Utility: 898.680849

Airplane 6
162 11 89 67 73 151 145 10 88 65 143 75 153 33 111 18 96 169
Utility: 1131.820914

