Airplane 0
156 11 89 67 73 151 145 56 134 33 111 77 66 155 144 6 37 115 84 163
Utility: 2391.031501

Airplane 1
157 23 101 9 87 58 136 60 138 65 143 75 153 17 95 18 7 96 85 31 42 109 120 20 98 26 104 164
Utility: 1746.830581

Airplane 2

Airplane 3
159 41 65 143 119 55 133 51 129 24 102 166
Utility: 676.535925

Airplane 4

Airplane 5
161 53 131 65 143 25 103 54 132 71 149 74 152 40 118 19 97 76 154 32 110 168
Utility: 1351.944490

Airplane 6
162 46 16 94 124 61 139 10 88 59 137 22 100 69 147 68 146 1 79 45 123 169
Utility: 1882.043441

