Airplane 0
156 11 89 67 61 139 145 56 134 163
Utility: 1012.596741

Airplane 1

Airplane 2
158 40 118 66 144 19 3 97 81 165
Utility: 398.258697

Airplane 3
159 41 119 54 132 24 102 71 149 20 98 1 79 76 154 166
Utility: 1369.241426

Airplane 4
160 64 142 48 126 23 101 9 87 53 131 59 137 25 103 69 147 68 146 26 104 167
Utility: 1180.193696

Airplane 5
161 35 113 33 111 77 155 6 37 115 84 32 110 76 154 168
Utility: 1255.728319

Airplane 6
162 46 16 94 124 30 108 10 88 0 78 22 34 112 25 100 103 27 31 105 18 42 96 109 120 19 3 97 81 45 123 169
Utility: 1499.904354

