Airplane 0
156 46 124 23 101 163
Utility: 577.842187

Airplane 1
157 65 143 22 34 112 100 69 31 147 109 19 3 81 97 1 79 76 154 164
Utility: 1627.643470

Airplane 2
158 17 95 18 96 40 118 42 120 20 98 165
Utility: 550.616951

Airplane 3

Airplane 4
160 64 16 142 48 94 15 93 126 61 139 41 59 137 119 27 105 77 155 40 118 6 84 167
Utility: 2601.354421

Airplane 5
161 52 130 9 87 58 136 56 0 78 75 134 153 25 103 54 132 24 102 51 129 74 152 68 146 50 26 128 104 32 110 168
Utility: 1910.632738

Airplane 6

