Airplane 0
156 46 48 126 67 124 61 145 139 41 22 119 100 69 147 40 118 37 26 115 104 163
Utility: 2321.664521

Airplane 1

Airplane 2
158 23 101 58 60 136 138 56 65 134 143 34 25 112 103 27 105 66 144 19 97 165
Utility: 1713.810807

Airplane 3

Airplane 4
160 52 130 9 87 56 134 59 137 25 103 54 132 77 68 155 146 6 84 167
Utility: 1441.906505

Airplane 5
161 27 105 24 102 51 129 74 5 152 83 47 125 1 79 76 154 168
Utility: 1403.758474

Airplane 6
162 16 94 11 89 10 88 0 78 75 153 35 113 33 111 18 31 96 109 20 98 3 81 45 123 169
Utility: 1530.147520

