Airplane 0
156 19 97 32 110 76 154 163
Utility: 610.635711

Airplane 1
157 48 46 16 126 94 124 73 151 13 91 61 139 41 35 113 62 140 59 137 119 25 103 54 132 24 102 20 98 3 81 164
Utility: 2447.141313

Airplane 2
158 23 101 58 136 60 138 22 100 25 103 54 132 42 120 6 3 84 81 1 79 165
Utility: 1413.453753

Airplane 3

Airplane 4
160 52 130 67 10 88 145 56 134 34 112 17 95 27 77 105 31 109 37 155 50 128 115 167
Utility: 1320.023628

Airplane 5
161 53 131 33 111 27 105 69 147 40 118 168
Utility: 387.669859

Airplane 6
162 16 94 11 89 9 87 56 134 55 133 71 149 66 144 68 146 169
Utility: 855.011552

