Airplane 0
156 11 89 67 145 0 78 22 100 163
Utility: 775.865531

Airplane 1
157 66 77 144 68 155 146 19 97 164
Utility: 1201.605518

Airplane 2
158 40 118 42 120 1 79 165
Utility: 254.276551

Airplane 3
159 33 111 54 132 18 96 166
Utility: 190.311967

Airplane 4
160 52 130 48 126 9 87 53 131 34 112 167
Utility: 567.432203

Airplane 5
161 16 46 94 124 61 139 59 137 25 103 27 105 51 129 20 98 3 81 32 110 168
Utility: 2236.242442

Airplane 6
162 23 101 10 88 56 65 134 143 75 153 41 119 25 103 44 122 31 71 149 109 6 84 26 104 169
Utility: 2028.828093

