Airplane 0
156 15 93 23 101 67 145 163
Utility: 623.204655

Airplane 1
157 66 144 6 84 76 154 164
Utility: 498.898609

Airplane 2
158 52 16 130 94 13 91 61 139 65 143 22 100 71 149 40 118 165
Utility: 1160.212680

Airplane 3
159 49 127 17 95 27 105 77 155 1 79 166
Utility: 1351.023015

Airplane 4
160 64 46 142 124 9 87 56 134 41 119 69 147 19 50 128 97 167
Utility: 1600.619636

Airplane 5
161 59 137 25 103 24 102 74 5 152 83 37 68 146 115 32 110 168
Utility: 1104.647874

Airplane 6
162 48 126 11 67 89 10 88 145 0 65 78 143 75 153 33 111 54 132 31 109 20 98 26 104 169
Utility: 1518.970879

