Airplane 0
156 46 67 124 61 139 145 163
Utility: 758.412977

Airplane 1
157 70 148 7 68 85 146 6 84 164
Utility: 267.522134

Airplane 2
158 40 118 42 120 3 81 1 79 165
Utility: 355.562838

Airplane 3
159 41 119 54 132 24 37 102 115 166
Utility: 648.213613

Airplane 4
160 52 48 130 126 9 87 59 137 25 103 27 77 105 155 19 97 167
Utility: 2237.882418

Airplane 5
161 74 152 47 125 50 26 128 104 32 110 168
Utility: 275.725424

Airplane 6
162 23 101 10 88 56 65 134 143 49 55 127 133 71 149 66 144 20 98 76 154 169
Utility: 2053.786354

