Airplane 0
FO: -371.339859
fast_of: -371.339859
Válida: t
156 46 124 61 65 139 143 33 111 163
Utility: 763.238952

Airplane 1
FO: -61.311608
fast_of: -54.567450
Válida: t
157 54 132 66 77 144 68 155 146 1 79 3 81 36 114 164
Utility: 1403.715946

Airplane 2
FO: -178.094351
fast_of: -178.094351
Válida: t
158 40 118 26 104 76 154 165
Utility: 405.501387

Airplane 3
FO: -98.462507
fast_of: -90.060711
Válida: t
159 52 130 23 101 67 145 56 59 134 137 17 95 27 105 24 102 51 129 42 120 20 98 166
Utility: 2854.529237

Airplane 4
FO: -5.803790
fast_of: -5.803790
Válida: t
160 8 86 11 89 9 87 53 131 34 112 25 103 69 147 19 97 167
Utility: 1368.660120

Airplane 5
FO: -103.752691
fast_of: -103.752691
Válida: t
161 74 5 152 83 37 6 84 115 32 110 168
Utility: 518.546078

Airplane 6
FO: 0.000000
fast_of: 16.162713
Válida: t
162 48 16 126 94 39 117 58 136 0 10 88 41 78 22 119 100 71 149 169
Utility: 1488.931813

