Airplane 0
FO: -89.625007
fast_of: -85.122940
Válida: t
156 11 89 9 87 0 56 134 41 78 34 119 112 17 95 27 105 18 51 96 129 74 152 47 125 163
Utility: 2436.842021

Airplane 1

Airplane 2
FO: -60.746130
fast_of: -28.804118
Válida: t
158 40 118 42 120 20 37 115 98 36 114 76 154 165
Utility: 930.723620

Airplane 3
FO: 0.000000
fast_of: 30.312030
Válida: t
159 52 48 130 126 23 101 61 139 35 113 59 137 25 103 24 102 166
Utility: 1572.404021

Airplane 4
FO: 9.493667
fast_of: 67.996427
Válida: t
160 64 16 46 142 94 124 39 117 58 136 22 55 133 100 69 147 19 26 104 97 167
Utility: 1710.508599

Airplane 5
FO: 0.000000
fast_of: 0.000000
Válida: t
161 77 66 144 155 1 3 79 6 84 81 32 110 168
Utility: 1498.156761

Airplane 6
FO: -341.816835
fast_of: -328.775462
Válida: t
162 67 145 65 143 75 153 70 148 44 122 31 109 169
Utility: 493.376218

