Airplane 0
FO: -78.668957
fast_of: -59.906569
Válida: t
156 52 130 15 93 39 117 0 56 134 41 78 34 119 112 25 103 69 147 51 129 163
Utility: 1988.611101

Airplane 1
FO: -241.541889
fast_of: -237.521579
Válida: t
157 77 18 96 68 155 146 1 79 164
Utility: 1068.391703

Airplane 2
FO: -133.909649
fast_of: -133.909649
Válida: t
158 11 89 61 139 165
Utility: 225.489920

Airplane 3

Airplane 4
FO: 6.130916
fast_of: 16.762073
Válida: t
160 64 46 142 48 124 9 126 87 58 136 59 137 17 95 27 54 132 31 105 24 102 109 19 3 81 97 167
Utility: 2451.037410

Airplane 5
FO: -195.597809
fast_of: -195.597809
Válida: t
161 74 5 152 83 47 125 6 84 26 104 76 154 168
Utility: 704.260483

Airplane 6
FO: -16.286228
fast_of: 11.981814
Válida: t
162 16 94 23 101 67 10 88 145 65 143 2 80 22 100 71 149 66 144 42 120 20 37 115 98 32 110 169
Utility: 2416.236373

