Airplane 0
FO: -39.337261
fast_of: 2.681122
Válida: t
156 15 93 39 117 73 151 0 56 134 41 78 34 119 112 17 95 27 31 105 77 109 19 155 47 125 97 1 79 76 154 163
Utility: 3787.787174

Airplane 1
FO: -73.030314
fast_of: -68.732973
Válida: t
157 20 98 26 3 81 104 36 114 164
Utility: 605.847859

Airplane 2

Airplane 3
FO: -79.917361
fast_of: -53.516102
Válida: t
159 52 130 46 48 126 124 61 65 143 139 166
Utility: 947.978206

Airplane 4
FO: -230.392252
fast_of: -224.164439
Válida: t
160 8 86 11 89 9 87 58 136 53 131 59 137 25 103 71 18 149 51 96 129 167
Utility: 1406.449404

Airplane 5
FO: -45.658690
fast_of: -45.658690
Válida: t
161 33 111 7 85 74 5 152 83 37 6 3 84 81 115 32 110 168
Utility: 756.095902

Airplane 6
FO: 0.000000
fast_of: 0.000000
Válida: t
162 16 94 23 101 67 10 88 145 60 138 22 100 69 147 40 118 169
Utility: 1483.542253

