Airplane 0
FO: -80.301144
fast_of: -65.309435
Válida: t
156 15 93 39 117 73 151 0 78 34 112 17 95 27 105 24 102 20 98 163
Utility: 1862.736141

Airplane 1
FO: 0.000000
fast_of: 4.931643
Válida: t
157 18 96 37 26 115 104 36 114 76 154 164
Utility: 630.705535

Airplane 2

Airplane 3
FO: -199.804482
fast_of: -161.524482
Válida: t
159 58 136 35 33 113 111 51 129 12 90 77 155 1 79 166
Utility: 1175.883787

Airplane 4
FO: -160.452712
fast_of: -75.383501
Válida: t
160 64 16 46 142 94 11 124 89 61 139 41 59 137 119 69 147 40 118 19 97 167
Utility: 2200.755131

Airplane 5

Airplane 6
FO: 20.538278
fast_of: 27.369731
Válida: t
162 48 126 23 101 67 10 88 145 56 65 134 143 75 55 153 133 71 149 66 144 6 84 32 110 45 123 169
Utility: 2419.642804

