Airplane 0
FO: -34.466494
fast_of: -8.094494
Válida: t
156 8 86 39 117 73 151 0 65 143 41 78 34 119 112 25 103 163
Utility: 1513.927124

Airplane 1
FO: -240.171977
fast_of: -240.171977
Válida: t
157 46 124 164
Utility: 125.486555

Airplane 2

Airplane 3
FO: 10.951741
fast_of: 36.543971
Válida: t
159 11 89 67 61 139 145 60 138 56 134 33 111 31 71 109 149 42 20 120 37 115 98 1 79 166
Utility: 2476.779157

Airplane 4
FO: -61.563436
fast_of: -61.563436
Válida: t
160 52 48 130 126 9 87 53 131 22 100 69 147 167
Utility: 732.457555

Airplane 5
FO: -5.470439
fast_of: 1.808107
Válida: t
161 55 133 54 132 24 102 51 74 129 5 152 83 40 118 6 3 84 81 36 114 32 110 168
Utility: 1352.533399

Airplane 6
FO: -116.342524
fast_of: -116.342524
Válida: t
162 16 94 23 101 58 136 59 137 75 153 17 95 27 77 105 66 144 155 19 97 76 154 169
Utility: 3131.378030

