Airplane 0
FO: -156.451847
fast_of: -139.665828
Válida: t
156 15 93 39 117 73 151 0 65 143 78 34 112 25 103 18 96 47 125 163
Utility: 1152.505499

Airplane 1
FO: 0.000000
fast_of: 9.714032
Válida: t
157 8 86 11 89 13 91 61 139 41 17 119 95 27 24 102 77 105 42 120 37 155 26 115 104 36 114 164
Utility: 2857.982647

Airplane 2
FO: -56.161284
fast_of: -49.809262
Válida: t
158 58 136 35 113 59 137 55 133 51 74 152 129 19 3 81 97 1 79 165
Utility: 1366.303671

Airplane 3

Airplane 4
FO: -244.846531
fast_of: -240.821734
Válida: t
160 64 46 142 48 124 126 9 87 53 131 22 100 71 69 149 147 68 6 146 84 167
Utility: 1493.614903

Airplane 5
FO: -115.419730
fast_of: -115.419730
Válida: t
161 20 98 32 110 76 154 168
Utility: 703.470869

Airplane 6
FO: -116.552495
fast_of: -116.552495
Válida: t
162 23 101 67 145 56 134 75 153 70 148 44 122 31 109 66 144 169
Utility: 1280.489369

