Airplane 0
FO: -39.837486
fast_of: -23.601627
Válida: t
156 15 93 39 117 73 151 0 41 78 34 119 112 25 103 71 77 149 155 1 79 6 84 163
Utility: 2669.178282

Airplane 1
FO: -90.051207
fast_of: -84.811846
Válida: t
157 18 96 66 144 19 3 81 97 36 114 164
Utility: 634.040942

Airplane 2

Airplane 3
FO: -149.155838
fast_of: -149.155838
Válida: t
159 52 130 46 124 166
Utility: 254.274489

Airplane 4
FO: -65.664998
fast_of: -43.556393
Válida: t
160 64 16 142 94 23 101 9 87 58 136 59 137 22 100 69 51 129 147 167
Utility: 1600.792026

Airplane 5
FO: -199.492844
fast_of: -199.492844
Válida: t
161 74 5 152 83 68 146 26 104 32 110 168
Utility: 416.141790

Airplane 6
FO: 57.745476
fast_of: 107.425637
Válida: t
162 8 86 11 89 67 10 88 145 60 138 56 65 134 143 75 153 17 35 113 62 140 33 95 111 27 54 132 24 105 102 42 31 109 120 20 37 3 115 98 81 76 154 45 123 169
Utility: 3479.225697

