Airplane 0
FO: -42.848144
fast_of: -20.935230
Válida: t
156 8 86 39 117 73 151 0 56 134 41 78 34 119 112 25 103 69 147 66 144 47 125 163
Utility: 2076.076659

Airplane 1
FO: -305.380723
fast_of: -285.846051
Válida: t
157 55 133 51 129 24 102 68 146 26 104 164
Utility: 660.919721

Airplane 2
FO: -186.329001
fast_of: -186.329001
Válida: t
158 40 118 42 120 20 98 76 154 165
Utility: 786.339295

Airplane 3
FO: 15.319310
fast_of: 20.901382
Válida: t
159 11 89 67 145 13 91 61 139 22 100 71 18 7 96 85 12 90 149 37 6 84 115 166
Utility: 1652.346868

Airplane 4
FO: -120.816429
fast_of: -120.816429
Válida: t
160 52 48 126 130 9 87 53 131 65 143 167
Utility: 505.602230

Airplane 5
FO: -181.084273
fast_of: -169.275952
Válida: t
161 27 105 74 5 152 83 19 3 81 97 32 110 168
Utility: 944.456205

Airplane 6
FO: 0.000000
fast_of: 0.000000
Válida: t
162 46 16 124 94 23 101 10 88 59 137 35 113 62 140 33 111 77 155 169
Utility: 2159.795679

