Airplane 0
FO: 16.994794
fast_of: 32.513862
Válida: t
156 15 93 39 117 73 151 0 60 138 41 78 34 119 112 17 95 27 77 105 66 144 68 155 146 163
Utility: 2723.088287

Airplane 1
FO: -119.643945
fast_of: -114.898524
Válida: t
157 6 84 26 104 36 114 76 154 164
Utility: 621.511281

Airplane 2
FO: -131.318675
fast_of: -131.318675
Válida: t
158 40 118 42 120 20 98 1 79 165
Utility: 775.691850

Airplane 3
FO: -64.095789
fast_of: -64.095789
Válida: t
159 8 86 11 89 67 30 108 145 65 143 22 100 21 99 55 72 150 133 18 24 102 96 166
Utility: 1463.024623

Airplane 4
FO: -201.593424
fast_of: -190.975456
Válida: t
160 52 48 130 126 61 139 53 131 25 103 69 147 19 50 128 97 167
Utility: 1207.346306

Airplane 5
FO: -59.171424
fast_of: -59.171424
Válida: t
161 56 134 33 111 31 109 37 74 152 115 3 81 32 110 168
Utility: 962.490752

Airplane 6
FO: 0.000000
fast_of: 0.000000
Válida: t
162 46 16 124 94 23 101 10 88 59 137 35 113 62 140 169
Utility: 1277.569847

