Airplane 0
FO: -159.072643
fast_of: -135.716468
Válida: t
156 15 93 16 94 73 151 0 56 134 41 78 34 119 112 25 103 69 51 129 147 47 125 163
Utility: 2149.767921

Airplane 1
FO: -233.644213
fast_of: -233.644213
Válida: t
157 77 68 155 146 20 98 164
Utility: 1077.080870

Airplane 2
FO: -227.844471
fast_of: -227.844471
Válida: t
158 42 120 66 144 26 104 76 154 165
Utility: 445.747697

Airplane 3
FO: 0.000000
fast_of: 0.000000
Válida: t
159 52 130 11 89 67 145 60 138 59 137 33 111 54 132 71 149 166
Utility: 1331.442550

Airplane 4

Airplane 5
FO: -23.549919
fast_of: -23.549919
Válida: t
161 17 95 18 24 102 74 5 152 83 96 40 118 6 84 32 110 168
Utility: 1061.832718

Airplane 6
FO: -31.396327
fast_of: -27.321884
Válida: t
162 46 124 23 101 61 139 65 143 75 55 153 133 27 105 31 109 19 97 1 79 169
Utility: 2452.069034

