Airplane 0
FO: -180.249147
fast_of: -168.547958
Válida: t
156 8 86 39 117 73 151 0 56 134 41 78 34 119 112 25 103 69 147 47 125 20 98 163
Utility: 2412.211338

Airplane 1
FO: -28.139796
fast_of: -28.139796
Válida: t
157 17 95 27 24 102 105 77 66 144 68 155 146 164
Utility: 1706.028088

Airplane 2
FO: -211.161126
fast_of: -211.161126
Válida: t
158 40 118 26 104 1 79 165
Utility: 390.299824

Airplane 3
FO: -7.391133
fast_of: 11.613162
Válida: t
159 23 101 9 87 65 143 75 153 33 111 18 31 7 96 85 109 19 97 36 114 76 154 166
Utility: 1940.949801

Airplane 4
FO: -73.250680
fast_of: -73.250680
Válida: t
160 52 130 11 89 58 136 59 137 167
Utility: 594.878673

Airplane 5
FO: -132.669658
fast_of: -132.669658
Válida: t
161 51 129 37 6 84 115 32 110 168
Utility: 546.926485

Airplane 6
FO: -74.843138
fast_of: -58.303647
Válida: t
162 48 46 16 126 67 94 124 61 139 145 60 138 53 131 35 113 169
Utility: 1337.586439

