Airplane 0
FO: -101.720662
fast_of: -66.305724
Válida: t
156 8 86 39 117 73 151 0 41 78 34 119 112 25 103 69 147 31 42 24 102 109 120 37 115 32 110 76 154 163
Utility: 2475.086346

Airplane 1
FO: -0.000000
fast_of: 7.710525
Válida: t
157 11 89 61 139 35 113 59 137 22 100 71 18 149 96 19 97 164
Utility: 1454.122591

Airplane 2
FO: -138.260686
fast_of: -138.260686
Válida: t
158 77 155 40 118 42 120 20 98 45 123 165
Utility: 1100.505918

Airplane 3
FO: 12.376852
fast_of: 22.593097
Válida: t
159 52 130 46 48 67 126 124 30 108 10 88 145 65 143 33 111 27 54 132 105 66 144 6 1 84 79 166
Utility: 2371.545209

Airplane 4

Airplane 5
FO: -81.605688
fast_of: -77.685667
Válida: t
161 7 85 51 129 74 5 152 83 47 125 36 114 168
Utility: 239.460093

Airplane 6
FO: 11.734461
fast_of: 20.897701
Válida: t
162 16 94 23 101 9 87 58 136 53 131 56 134 75 55 153 17 95 133 169
Utility: 1587.268537

