Airplane 0
FO: -67.364284
fast_of: -61.758644
Válida: t
156 11 89 67 73 151 145 0 41 78 34 119 112 25 103 27 77 105 155 4 82 47 125 40 118 163
Utility: 2979.123236

Airplane 1
FO: 0.000000
fast_of: 0.000000
Válida: t
157 71 149 42 31 109 120 19 3 81 97 1 79 164
Utility: 932.232830

Airplane 2

Airplane 3
FO: 81.211397
fast_of: 129.509430
Válida: t
159 52 130 16 94 23 101 58 136 59 137 75 153 33 111 54 132 31 20 37 109 98 115 26 104 76 154 166
Utility: 2483.402542

Airplane 4
FO: -21.223059
fast_of: 19.999115
Válida: t
160 64 46 142 48 124 126 9 87 61 139 22 55 133 100 69 51 129 147 167
Utility: 1403.368583

Airplane 5
FO: -120.664967
fast_of: -120.664967
Válida: t
161 24 102 74 5 152 83 68 146 6 84 32 110 168
Utility: 726.711558

Airplane 6

