Airplane 0
FO: -15.422041
fast_of: 16.987047
Válida: t
156 8 86 39 117 73 151 0 41 78 34 119 112 25 103 69 51 129 147 47 125 40 118 163
Utility: 1846.592521

Airplane 1
FO: -169.570171
fast_of: -169.570171
Válida: t
157 77 18 96 74 152 155 1 79 26 104 164
Utility: 1185.602308

Airplane 2

Airplane 3
FO: -132.974488
fast_of: -132.646080
Válida: t
159 11 89 67 30 108 10 88 145 56 134 49 127 72 71 150 149 54 132 24 102 20 98 76 154 32 110 166
Utility: 2249.344949

Airplane 4
FO: -130.117193
fast_of: -130.064368
Válida: t
160 64 16 142 46 94 124 9 87 59 137 33 111 27 105 66 144 68 146 19 50 128 97 167
Utility: 2142.543210

Airplane 5

Airplane 6
FO: -83.886628
fast_of: -83.886628
Válida: t
162 23 101 58 136 65 143 75 153 17 95 44 122 31 109 37 6 84 115 45 123 169
Utility: 1310.566974

