Airplane 0
FO: -207.279198
fast_of: -182.271619
Válida: t
156 15 93 39 117 73 151 0 56 134 41 78 34 119 112 25 103 27 105 163
Utility: 2047.555288

Airplane 1
FO: 0.000000
fast_of: 4.005361
Válida: t
157 46 124 11 89 61 139 59 137 55 133 18 24 96 102 1 79 3 81 164
Utility: 1779.545895

Airplane 2
FO: -17.822070
fast_of: -17.822070
Válida: t
158 40 118 31 42 109 120 19 97 76 154 165
Utility: 787.731613

Airplane 3

Airplane 4
FO: -138.369110
fast_of: -138.369110
Válida: t
160 64 16 142 48 94 126 9 87 58 136 22 100 69 147 68 146 26 104 167
Utility: 1226.659685

Airplane 5
FO: 0.000000
fast_of: 0.000000
Válida: t
161 33 111 51 129 74 5 152 83 20 98 32 110 168
Utility: 912.628934

Airplane 6
FO: -58.350915
fast_of: -54.322165
Válida: t
162 23 101 67 145 65 143 75 153 70 148 71 77 149 155 6 84 45 123 169
Utility: 1979.130496

