Airplane 0
FO: -0.000000
fast_of: 16.934073
Válida: t
156 15 93 39 117 73 151 0 56 134 41 78 34 119 112 25 103 71 149 47 125 1 3 79 6 84 81 76 154 163
Utility: 2816.179288

Airplane 1
FO: -100.681110
fast_of: -98.513694
Válida: t
157 46 16 124 94 23 101 61 139 59 137 55 133 51 129 7 31 85 109 19 97 36 114 164
Utility: 2411.834438

Airplane 2
FO: -88.040244
fast_of: -88.040244
Válida: t
158 22 100 69 147 40 118 42 120 20 98 32 110 165
Utility: 1067.849699

Airplane 3

Airplane 4

Airplane 5
FO: 0.000000
fast_of: 0.000000
Válida: t
161 52 130 9 87 58 136 53 131 33 111 54 132 24 102 74 5 152 83 168
Utility: 962.973818

Airplane 6
FO: -16.805647
fast_of: -13.263701
Válida: t
162 48 126 67 10 88 145 65 143 75 17 153 95 27 77 105 66 144 68 146 155 169
Utility: 2289.936683

