Airplane 0
FO: -68.202426
fast_of: -60.627135
Válida: t
156 15 93 39 117 73 151 0 56 134 41 78 34 119 112 17 95 27 105 69 147 47 125 163
Utility: 2264.650090

Airplane 1
FO: -81.148638
fast_of: -81.148638
Válida: t
157 66 77 144 68 155 146 1 79 164
Utility: 1134.395022

Airplane 2
FO: -195.715413
fast_of: -195.715413
Válida: t
158 40 118 42 120 14 92 76 154 165
Utility: 270.179967

Airplane 3
FO: -66.265959
fast_of: -38.651775
Válida: t
159 48 46 16 126 67 94 124 61 145 139 59 137 21 99 49 55 127 133 54 132 24 102 166
Utility: 1962.432562

Airplane 4
FO: -85.711120
fast_of: -80.510622
Válida: t
160 52 130 11 89 58 136 53 131 25 103 18 96 37 19 115 97 167
Utility: 1203.408927

Airplane 5
FO: -73.198071
fast_of: -73.198071
Válida: t
161 74 5 152 83 20 98 26 104 32 110 168
Utility: 742.910608

Airplane 6
FO: -103.017469
fast_of: -103.017469
Válida: t
162 23 101 10 88 65 143 75 153 33 111 31 71 149 109 6 84 45 123 169
Utility: 1257.575422

