Airplane 0
FO: -55.255192
fast_of: -39.383157
Válida: t
156 15 93 39 117 61 139 0 41 78 34 119 112 25 103 69 147 47 125 1 79 163
Utility: 1908.534969

Airplane 1
FO: -175.361431
fast_of: -175.361431
Válida: t
157 20 98 26 104 76 154 164
Utility: 732.354087

Airplane 2
FO: -162.232561
fast_of: -162.232561
Válida: t
158 27 77 105 155 40 118 42 120 19 3 97 81 165
Utility: 1544.768251

Airplane 3

Airplane 4
FO: -48.349928
fast_of: 21.523619
Válida: t
160 64 16 46 142 48 94 124 126 9 87 58 56 136 59 134 137 22 55 133 100 167
Utility: 1708.265859

Airplane 5
FO: 0.000000
fast_of: 6.975619
Válida: t
161 11 89 60 138 53 131 33 111 54 132 24 102 51 74 129 5 152 83 37 6 84 115 32 110 168
Utility: 1629.351166

Airplane 6
FO: -83.002413
fast_of: -83.002413
Válida: t
162 23 101 67 145 65 143 75 153 17 95 44 122 31 71 149 109 169
Utility: 1324.568177

