Airplane 0
FO: -40.291926
fast_of: -13.919926
Válida: t
156 15 93 39 117 73 151 0 56 134 41 78 34 119 112 25 103 69 147 24 102 20 98 163
Utility: 2573.072816

Airplane 1
FO: 0.000000
fast_of: 0.000000
Válida: t
157 17 95 27 77 105 66 144 68 155 146 1 79 3 81 164
Utility: 1829.594743

Airplane 2
FO: -21.261809
fast_of: -14.786263
Válida: t
158 40 118 42 120 37 6 84 115 26 104 36 114 165
Utility: 709.918413

Airplane 3

Airplane 4
FO: -99.075327
fast_of: -99.075327
Válida: t
160 64 16 46 142 94 124 9 87 61 139 59 137 22 100 167
Utility: 1311.761981

Airplane 5
FO: 0.000000
fast_of: 0.000000
Válida: t
161 60 138 53 131 33 111 51 129 74 5 152 83 168
Utility: 422.847148

Airplane 6
FO: -172.696815
fast_of: -142.709703
Válida: t
162 23 101 67 10 88 145 65 143 75 153 70 148 44 122 31 71 149 109 19 97 169
Utility: 1539.957421

