Airplane 0
FO: -189.266217
fast_of: -175.181500
Válida: t
156 8 86 39 117 73 151 0 56 134 41 78 22 119 34 25 112 100 103 24 102 77 66 144 155 26 104 163
Utility: 2978.986726

Airplane 1

Airplane 2
FO: -57.056556
fast_of: -57.056556
Válida: t
158 51 129 74 152 40 118 42 120 20 98 76 154 165
Utility: 1025.203543

Airplane 3
FO: -153.941553
fast_of: -153.941553
Válida: t
159 55 133 17 95 27 54 132 105 166
Utility: 643.442813

Airplane 4
FO: 12.469521
fast_of: 20.357688
Válida: t
160 64 46 142 48 126 124 23 101 58 136 59 137 25 103 71 69 149 147 68 146 37 19 115 97 167
Utility: 2429.578304

Airplane 5

Airplane 6
FO: -0.000000
fast_of: 0.940190
Válida: t
162 16 94 11 89 67 10 88 145 65 143 35 113 62 140 33 111 31 109 6 3 84 81 1 32 110 79 45 123 169
Utility: 2078.273568

