Airplane 0
FO: -26.420432
fast_of: -18.644237
Válida: t
156 15 93 39 117 73 151 0 41 78 34 119 112 25 103 69 7 85 147 40 118 163
Utility: 1699.534624

Airplane 1
FO: -58.387161
fast_of: -40.629250
Válida: t
157 31 42 109 120 19 37 115 26 104 97 36 114 164
Utility: 732.307414

Airplane 2

Airplane 3
FO: 0.000000
fast_of: 0.000000
Válida: t
159 8 86 11 89 9 87 56 134 49 127 72 24 150 102 20 98 32 110 166
Utility: 1561.426506

Airplane 4
FO: -0.000000
fast_of: 8.978699
Válida: t
160 64 16 46 142 94 124 23 101 58 136 60 138 53 131 33 111 27 105 18 51 96 129 47 125 167
Utility: 2099.942381

Airplane 5

Airplane 6
FO: 37.090457
fast_of: 58.166477
Válida: t
162 48 52 126 67 130 145 13 91 61 10 88 139 65 143 22 55 100 133 71 149 66 77 144 68 146 155 1 79 45 123 169
Utility: 2885.174952

