Airplane 0
FO: -144.832731
fast_of: -144.832731
Válida: t
156 52 48 130 126 15 93 73 151 0 41 78 34 119 112 17 95 18 96 37 74 152 115 163
Utility: 1705.724602

Airplane 1
FO: -234.326211
fast_of: -230.413142
Válida: t
157 27 77 105 155 47 125 19 97 26 104 36 114 164
Utility: 1527.857539

Airplane 2
FO: -86.801856
fast_of: -74.449020
Válida: t
158 8 86 23 101 67 10 145 88 60 138 53 131 33 111 51 7 85 129 40 118 42 120 6 3 81 84 32 110 165
Utility: 2000.304000

Airplane 3
FO: -160.145950
fast_of: -160.145950
Válida: t
159 9 87 56 134 55 72 150 133 71 149 54 132 24 102 20 98 1 79 76 154 166
Utility: 2041.434963

Airplane 4
FO: -54.379866
fast_of: -54.379866
Válida: t
160 64 16 46 142 124 94 13 91 61 139 35 113 59 137 167
Utility: 1088.097217

Airplane 5

Airplane 6
FO: -103.258145
fast_of: -103.258145
Válida: t
162 11 89 58 136 65 143 75 153 22 100 44 122 31 109 66 144 169
Utility: 886.594732

