Airplane 0
FO: -79.010575
fast_of: -39.516194
Válida: t
156 15 93 39 117 73 151 0 65 78 143 75 22 153 100 69 51 129 147 68 146 47 125 163
Utility: 1327.164918

Airplane 1
FO: -0.000000
fast_of: -0.000000
Válida: t
157 8 86 11 89 58 136 60 138 59 137 55 133 7 85 74 152 40 118 164
Utility: 1055.624702

Airplane 2

Airplane 3
FO: -174.009880
fast_of: -160.319196
Válida: t
159 23 101 67 145 56 134 41 119 25 103 71 149 54 132 24 102 20 37 115 98 1 79 76 154 166
Utility: 3225.026054

Airplane 4
FO: -32.129290
fast_of: -15.433053
Válida: t
160 64 48 142 46 124 126 13 91 61 139 53 131 17 95 27 105 77 19 155 97 167
Utility: 2280.930511

Airplane 5
FO: -38.579712
fast_of: -38.579712
Válida: t
161 31 109 6 3 84 81 26 104 32 110 168
Utility: 616.311138

Airplane 6

