Airplane 0
FO: 0.000000
fast_of: 13.524462
Válida: t
156 15 93 39 117 73 151 60 138 59 41 137 34 119 112 25 103 69 7 147 4 82 85 42 120 20 98 26 104 163
Utility: 2448.881803

Airplane 1

Airplane 2
FO: -203.379473
fast_of: -203.379473
Válida: t
158 51 129 40 118 6 84 165
Utility: 318.001964

Airplane 3
FO: -54.560878
fast_of: -48.914391
Válida: t
159 8 86 23 101 58 56 136 134 55 133 166
Utility: 951.003920

Airplane 4
FO: -6.372055
fast_of: 28.071136
Válida: t
160 64 16 46 142 94 124 9 87 61 139 22 17 100 95 18 96 19 50 128 97 36 114 76 154 167
Utility: 1974.769084

Airplane 5
FO: -130.474307
fast_of: -123.179891
Válida: t
161 27 105 24 102 74 5 152 83 47 125 1 3 79 81 32 110 168
Utility: 1189.745254

Airplane 6
FO: -57.735173
fast_of: -36.838863
Válida: t
162 48 126 11 89 67 10 88 145 65 143 75 153 35 113 62 140 33 111 54 132 77 66 144 68 146 155 169
Utility: 2382.239379

