Airplane 0
FO: -127.788566
fast_of: -101.459219
Válida: t
156 15 93 39 117 73 151 0 41 78 34 119 112 25 103 18 31 109 96 74 152 163
Utility: 1578.005367

Airplane 1
FO: -201.945154
fast_of: -199.755504
Válida: t
157 33 111 27 77 105 155 68 146 26 104 36 114 164
Utility: 1526.227695

Airplane 2
FO: 0.000000
fast_of: 57.729414
Válida: t
158 55 2 80 22 100 133 51 129 40 118 42 120 20 37 98 115 32 110 165
Utility: 1227.422099

Airplane 3
FO: -99.203804
fast_of: -90.315593
Válida: t
159 23 101 67 145 56 134 59 137 72 24 150 54 132 102 1 79 6 84 166
Utility: 2077.006572

Airplane 4
FO: 3.160112
fast_of: 37.522957
Válida: t
160 64 16 46 142 48 94 124 126 9 87 61 139 65 143 35 113 75 153 17 95 69 7 147 85 66 144 19 3 81 97 76 154 167
Utility: 2578.284367

Airplane 5

Airplane 6

