Airplane 0
FO: -75.589726
fast_of: -62.120106
Válida: t
156 15 93 39 117 73 151 0 56 134 41 78 34 119 112 25 103 18 96 31 109 163
Utility: 1880.976567

Airplane 1

Airplane 2
FO: -298.130634
fast_of: -298.130634
Válida: t
158 33 111 77 42 120 155 3 6 81 84 165
Utility: 1023.162200

Airplane 3
FO: -29.241339
fast_of: -26.767339
Válida: t
159 23 101 67 30 108 10 145 88 60 138 65 143 2 80 55 133 54 132 66 144 68 146 1 79 166
Utility: 1837.511838

Airplane 4
FO: -65.508807
fast_of: -55.612284
Válida: t
160 52 130 48 9 126 87 53 131 59 137 22 100 69 147 40 118 19 97 36 114 167
Utility: 1636.853196

Airplane 5
FO: 5.532053
fast_of: 45.298000
Válida: t
161 27 105 24 102 51 74 129 5 152 83 37 20 115 98 26 32 104 76 154 110 168
Utility: 1878.340063

Airplane 6
FO: -125.554039
fast_of: -125.554039
Válida: t
162 46 16 94 124 61 139 35 113 62 140 75 153 169
Utility: 857.008405

