Airplane 0
FO: 0.000000
fast_of: 15.062700
Válida: t
156 8 86 39 117 73 151 0 56 134 41 78 34 119 112 25 103 18 96 47 125 163
Utility: 1835.847817

Airplane 1
FO: -122.810481
fast_of: -116.300091
Válida: t
157 33 111 27 77 105 66 144 68 155 146 1 26 104 79 76 154 164
Utility: 2215.521075

Airplane 2
FO: -124.757653
fast_of: -124.757653
Válida: t
158 40 118 42 120 20 98 165
Utility: 465.217585

Airplane 3
FO: -219.697785
fast_of: -208.401898
Válida: t
159 59 137 55 49 127 17 95 133 54 132 166
Utility: 420.739756

Airplane 4
FO: -70.989748
fast_of: -65.450394
Válida: t
160 52 130 11 89 61 139 22 100 69 147 24 102 37 19 115 97 167
Utility: 1586.736029

Airplane 5
FO: -46.823504
fast_of: -46.823504
Válida: t
161 74 5 152 83 6 3 84 81 32 110 168
Utility: 459.206699

Airplane 6
FO: -23.197592
fast_of: -23.197592
Válida: t
162 16 94 23 101 67 10 88 145 65 143 75 153 70 148 44 122 31 71 149 109 169
Utility: 1464.324172

