Airplane 0
FO: -92.546826
fast_of: -73.607529
Válida: t
156 15 93 39 117 73 151 0 56 134 41 78 34 119 112 25 103 69 147 77 155 47 125 163
Utility: 2591.679024

Airplane 1
FO: 0.000000
fast_of: 5.273016
Válida: t
157 6 3 81 84 32 26 110 104 36 114 164
Utility: 619.317724

Airplane 2
FO: -226.182512
fast_of: -226.182512
Válida: t
158 27 105 66 144 165
Utility: 292.790392

Airplane 3
FO: 0.000000
fast_of: 0.000000
Válida: t
159 22 100 55 133 54 132 24 102 51 129 20 98 76 154 166
Utility: 1422.311149

Airplane 4
FO: 0.000000
fast_of: 0.000000
Válida: t
160 8 86 11 89 9 87 53 131 17 95 18 96 19 97 167
Utility: 1008.727008

Airplane 5
FO: 0.000000
fast_of: 0.000000
Válida: t
161 64 46 142 48 126 67 124 61 139 145 65 143 33 111 168
Utility: 1416.619644

Airplane 6
FO: -50.231246
fast_of: -46.918520
Válida: t
162 52 130 23 101 58 136 35 113 62 140 59 137 75 153 70 148 71 149 68 146 1 79 45 123 169
Utility: 1517.427062

