Airplane 0
FO: -2.455381
fast_of: 18.378853
Válida: t
156 15 93 39 117 73 151 0 41 78 34 119 112 25 103 54 132 24 31 109 102 20 98 163
Utility: 2186.669185

Airplane 1
FO: -139.379522
fast_of: -139.379522
Válida: t
157 70 148 7 85 19 3 81 97 164
Utility: 338.335709

Airplane 2
FO: -136.777150
fast_of: -136.777150
Válida: t
158 40 118 42 120 37 115 32 110 165
Utility: 300.361843

Airplane 3
FO: -34.470362
fast_of: -34.470362
Válida: t
159 8 86 11 89 60 138 59 137 55 72 150 133 166
Utility: 667.046754

Airplane 4
FO: -204.337259
fast_of: -201.564209
Válida: t
160 64 16 142 48 94 126 9 87 61 139 56 134 22 100 69 147 167
Utility: 1425.762364

Airplane 5
FO: -92.474620
fast_of: -82.386276
Válida: t
161 58 136 53 131 33 111 71 18 149 51 96 5 83 129 6 84 26 104 36 114 168
Utility: 1170.426503

Airplane 6
FO: -77.825254
fast_of: -58.266432
Válida: t
162 46 124 23 67 101 10 88 145 65 143 75 153 17 95 27 77 105 66 144 68 146 155 1 79 169
Utility: 3213.329803

