Airplane 0
FO: -41.931905
fast_of: -19.473716
Válida: t
156 15 93 39 117 73 151 0 41 78 34 119 112 25 103 69 147 7 31 85 109 163
Utility: 1690.745249

Airplane 1
FO: -168.485601
fast_of: -166.061713
Válida: t
157 51 129 37 74 152 115 26 104 36 114 164
Utility: 449.315007

Airplane 2
FO: -34.857785
fast_of: -19.556501
Válida: t
158 40 118 42 120 20 98 1 32 110 79 165
Utility: 906.703916

Airplane 3
FO: -185.639913
fast_of: -138.330757
Válida: t
159 52 130 67 30 108 145 61 139 35 113 59 137 17 95 27 54 132 24 105 102 68 47 146 125 6 84 166
Utility: 2280.314203

Airplane 4
FO: -87.381374
fast_of: -74.069515
Válida: t
160 64 16 142 94 11 89 9 87 53 131 22 100 71 149 77 19 155 97 167
Utility: 1837.705864

Airplane 5

Airplane 6
FO: -273.023847
fast_of: -250.882457
Válida: t
162 48 126 23 101 58 136 56 65 134 143 75 153 70 148 44 122 66 144 169
Utility: 1336.380802

