Airplane 0
FO: -92.631224
fast_of: -73.585662
Válida: t
156 8 86 39 117 73 151 0 56 134 41 78 34 119 112 17 95 69 147 47 125 20 98 36 114 163
Utility: 2410.562193

Airplane 1
FO: -134.719126
fast_of: -127.891071
Válida: t
157 19 37 115 97 32 26 110 104 164
Utility: 660.897344

Airplane 2
FO: -273.540084
fast_of: -268.077978
Válida: t
158 51 129 40 118 165
Utility: 54.907116

Airplane 3
FO: -48.479757
fast_of: -48.479757
Válida: t
159 49 127 75 153 33 111 27 77 105 66 144 155 1 3 79 6 84 81 76 154 166
Utility: 2359.828017

Airplane 4
FO: -12.513109
fast_of: 4.730504
Válida: t
160 52 130 48 67 126 61 145 139 35 113 59 137 25 103 18 96 68 7 85 146 167
Utility: 1644.248754

Airplane 5

Airplane 6
FO: -52.691226
fast_of: -45.868769
Válida: t
162 46 16 124 94 23 101 58 136 60 138 65 143 22 100 71 149 24 31 102 109 169
Utility: 1979.040015

