Airplane 0
FO: 130.215694
fast_of: 154.882215
Válida: t
156 15 93 39 117 73 151 0 56 134 41 78 34 119 112 25 103 24 102 47 125 163
Utility: 1916.546960

Airplane 1
FO: -129.272066
fast_of: -123.533563
Válida: t
157 70 148 44 122 7 85 12 90 6 84 36 114 164
Utility: 165.207646

Airplane 2
FO: -92.872841
fast_of: -92.872841
Válida: t
158 40 118 42 120 32 110 76 154 165
Utility: 433.721929

Airplane 3
FO: -0.000000
fast_of: -0.000000
Válida: t
159 8 86 61 139 35 113 59 137 17 95 71 149 20 98 166
Utility: 1224.088794

Airplane 4
FO: 22.537398
fast_of: 25.034351
Válida: t
160 64 46 142 124 23 101 9 87 53 131 22 100 69 51 129 147 19 3 81 97 167
Utility: 1792.305994

Airplane 5

Airplane 6
FO: 0.000000
fast_of: 139.810996
Válida: t
162 16 94 11 89 67 10 88 145 65 143 75 153 55 133 27 77 105 66 144 68 146 155 1 79 45 123 169
Utility: 2954.304519

