Airplane 0
FO: -22.477424
fast_of: -3.529530
Válida: t
156 15 93 39 117 73 151 0 41 78 22 119 100 25 103 69 147 47 125 40 118 19 97 163
Utility: 1958.914109

Airplane 1

Airplane 2
FO: -22.541646
fast_of: -14.126097
Válida: t
158 52 130 23 101 58 136 59 137 33 111 24 66 102 144 165
Utility: 1254.807467

Airplane 3

Airplane 4
FO: -160.441981
fast_of: -153.856132
Válida: t
160 64 46 142 48 124 126 9 87 61 139 34 112 17 95 71 77 149 155 6 84 167
Utility: 2252.155053

Airplane 5
FO: -159.351844
fast_of: -159.351844
Válida: t
161 74 5 152 83 20 98 168
Utility: 352.440410

Airplane 6
FO: -155.879599
fast_of: -152.720711
Válida: t
162 16 94 11 89 67 10 88 145 60 138 53 131 65 143 75 153 55 133 27 54 132 105 18 31 96 109 68 146 1 32 110 79 76 154 169
Utility: 2919.933453

