Airplane 0
FO: -103.400909
fast_of: -82.239101
Válida: t
156 15 93 39 117 73 151 0 41 78 34 119 112 17 95 27 77 105 155 47 125 1 79 163
Utility: 2656.717429

Airplane 1
FO: -90.859576
fast_of: -85.601332
Válida: t
157 51 129 19 3 81 97 26 104 36 114 164
Utility: 712.371808

Airplane 2
FO: -89.263680
fast_of: -89.263680
Válida: t
158 52 130 23 101 165
Utility: 328.379199

Airplane 3
FO: 0.000000
fast_of: 0.000000
Válida: t
159 11 89 67 61 139 145 56 134 59 137 55 49 127 72 150 133 71 149 24 102 20 98 166
Utility: 2344.637165

Airplane 4
FO: -61.011772
fast_of: -53.465290
Válida: t
160 64 16 142 48 94 9 126 87 53 131 22 100 69 147 68 7 85 146 167
Utility: 1070.025212

Airplane 5
FO: -40.058365
fast_of: -40.058365
Válida: t
161 74 5 152 83 6 37 115 84 76 154 168
Utility: 629.304086

Airplane 6
FO: -254.427553
fast_of: -254.427553
Válida: t
162 10 88 65 143 75 153 35 113 62 140 33 111 31 109 66 144 169
Utility: 622.109263

