Airplane 0
FO: -27.598052
fast_of: -10.398521
V치lida: t
156 52 130 15 93 39 117 0 41 78 34 119 112 25 103 54 132 51 129 163
Utility: 1489.677586

Airplane 1

Airplane 2

Airplane 3

Airplane 4
FO: 3.128923
fast_of: 10.088679
V치lida: t
160 64 16 142 48 126 73 94 151 13 91 61 139 35 113 59 137 17 95 69 147 40 118 31 109 20 50 128 98 26 104 36 114 167
Utility: 2475.095717

Airplane 5
FO: -53.909763
fast_of: -47.681750
V치lida: t
161 23 101 9 87 56 134 33 111 27 105 24 102 74 5 152 83 19 97 32 76 154 110 168
Utility: 2549.131041

Airplane 6
FO: 9.637047
fast_of: 12.471978
V치lida: t
162 8 86 11 89 67 10 88 145 65 143 75 55 153 133 71 149 66 77 144 68 146 155 6 3 84 81 1 79 45 123 169
Utility: 2921.298796

