Airplane 0
FO: 0.000000
fast_of: 28.966911
Válida: t
156 15 93 39 117 73 151 0 65 143 78 22 100 25 103 69 51 129 147 47 125 26 104 163
Utility: 1560.985967

Airplane 1
FO: -21.792047
fast_of: -15.307599
Válida: t
157 11 89 67 145 13 91 61 139 41 59 137 34 119 112 44 122 71 149 20 98 36 114 76 154 164
Utility: 2690.157394

Airplane 2
FO: -163.727404
fast_of: -163.727404
Válida: t
158 40 118 42 120 3 81 1 79 165
Utility: 355.562838

Airplane 3
FO: -109.400266
fast_of: -109.400266
Válida: t
159 55 133 17 95 27 54 132 77 105 66 144 155 6 84 166
Utility: 1832.161586

Airplane 4
FO: -203.132225
fast_of: -183.958019
Válida: t
160 64 16 46 142 48 126 124 94 9 87 53 131 56 134 33 111 18 96 68 146 167
Utility: 1555.429007

Airplane 5
FO: -23.310894
fast_of: -23.310894
Válida: t
161 31 7 85 109 74 5 152 83 19 97 32 110 168
Utility: 640.370156

Airplane 6

