Airplane 0
FO: -11.598219
fast_of: -2.177777
Válida: t
156 15 93 39 117 73 151 0 56 134 41 78 22 119 100 25 103 69 51 129 147 47 125 163
Utility: 1971.354112

Airplane 1
FO: -241.223235
fast_of: -241.223235
Válida: t
157 6 84 1 79 76 154 164
Utility: 629.404282

Airplane 2
FO: -130.688553
fast_of: -130.688553
Válida: t
158 40 118 42 120 20 98 26 104 165
Utility: 670.731736

Airplane 3
FO: 34.480886
fast_of: 68.986096
Válida: t
159 8 86 23 101 67 10 88 145 65 143 2 80 55 17 95 133 54 132 77 66 144 68 155 146 166
Utility: 2411.370708

Airplane 4
FO: 0.000000
fast_of: 0.000000
Válida: t
160 52 130 46 124 61 139 35 113 59 137 167
Utility: 897.357379

Airplane 5
FO: 11.465175
fast_of: 16.225491
Válida: t
161 53 131 33 111 27 105 18 7 96 85 74 5 152 83 37 19 115 97 32 110 168
Utility: 1539.836727

Airplane 6
FO: -218.281337
fast_of: -218.281337
Válida: t
162 48 16 126 94 11 89 58 136 34 112 44 122 31 109 169
Utility: 948.048032

