Airplane 0
FO: -51.821116
fast_of: -28.548149
Válida: t
156 15 93 39 117 73 151 0 56 134 41 78 34 119 112 17 95 69 147 51 129 47 125 163
Utility: 2017.604336

Airplane 1
FO: -36.519184
fast_of: -31.177691
Válida: t
157 66 77 144 155 26 104 36 114 76 154 164
Utility: 1224.666030

Airplane 2
FO: -81.662038
fast_of: -81.662038
Válida: t
158 18 7 96 85 40 118 42 120 20 98 32 110 165
Utility: 839.198043

Airplane 3
FO: -5.269383
fast_of: -5.269383
Válida: t
159 11 89 67 61 139 145 60 138 59 137 72 71 150 149 54 132 166
Utility: 1289.751803

Airplane 4
FO: -217.077079
fast_of: -207.942406
Válida: t
160 52 130 48 9 126 87 58 136 53 131 25 103 24 102 68 146 19 50 128 97 1 79 167
Utility: 1645.736917

Airplane 5
FO: -269.287103
fast_of: -269.287103
Válida: t
161 74 152 5 83 12 90 37 115 3 81 168
Utility: 40.499031

Airplane 6
FO: 0.000000
fast_of: 0.000000
Válida: t
162 46 16 124 94 23 101 10 88 65 143 35 113 62 140 33 111 27 105 169
Utility: 1824.993412

