Airplane 0
FO: -81.088298
fast_of: -70.789519
Válida: t
156 39 117 73 151 0 65 143 41 78 34 119 112 25 103 69 147 163
Utility: 1617.960479

Airplane 1
FO: 0.000000
fast_of: 5.437676
Válida: t
157 22 100 17 95 27 77 105 66 144 68 155 146 47 125 164
Utility: 1679.302464

Airplane 2
FO: -27.023991
fast_of: -27.023991
Válida: t
158 7 31 109 85 40 118 20 98 26 104 76 154 165
Utility: 1085.255116

Airplane 3
FO: -0.000000
fast_of: 13.214712
Válida: t
159 8 86 23 101 9 87 58 136 10 88 59 137 21 99 49 127 72 150 54 132 24 37 102 115 1 79 166
Utility: 1681.456405

Airplane 4
FO: -229.058450
fast_of: -225.936578
Válida: t
160 64 46 142 48 124 126 67 61 139 145 56 134 33 111 18 51 96 129 167
Utility: 1827.354108

Airplane 5
FO: -99.476183
fast_of: -54.647259
Válida: t
161 74 152 42 19 120 6 3 84 81 97 32 110 168
Utility: 595.782860

Airplane 6

