Airplane 0
FO: -0.000000
fast_of: 34.289810
V치lida: t
156 15 93 39 117 73 151 0 56 134 41 78 34 119 112 25 103 69 147 42 77 120 19 155 47 125 97 163
Utility: 2974.416984

Airplane 1

Airplane 2

Airplane 3
FO: -0.000000
fast_of: -0.000000
V치lida: t
159 52 130 46 67 124 145 65 143 49 127 72 150 51 129 20 98 76 154 166
Utility: 1757.991099

Airplane 4
FO: -44.871743
fast_of: -42.422437
V치lida: t
160 8 86 23 101 9 87 53 131 75 153 33 111 54 132 18 7 96 85 74 152 40 118 6 3 84 81 36 114 167
Utility: 1819.083569

Airplane 5

Airplane 6
FO: 8.490947
fast_of: 31.779991
V치lida: t
162 11 89 60 138 59 137 55 133 17 95 27 105 24 66 102 144 68 146 1 32 110 79 169
Utility: 2101.529407

