Airplane 0
FO: -61.673392
fast_of: -49.721346
Válida: t
156 8 86 39 117 73 151 0 56 134 41 78 34 119 112 25 103 69 147 47 125 74 152 163
Utility: 2052.017938

Airplane 1
FO: -113.769594
fast_of: -113.769594
Válida: t
157 18 96 51 129 19 3 81 97 164
Utility: 599.048708

Airplane 2
FO: -60.639535
fast_of: -47.885216
Válida: t
158 27 77 105 155 40 118 42 120 20 98 26 32 104 76 110 154 165
Utility: 2168.190208

Airplane 3
FO: 0.000000
fast_of: 5.626984
Válida: t
159 52 130 46 124 61 65 143 139 35 113 59 137 75 55 153 133 54 132 166
Utility: 1436.902227

Airplane 4
FO: -315.969861
fast_of: -315.969861
Válida: t
160 64 142 48 126 23 101 9 87 53 131 17 95 167
Utility: 740.998202

Airplane 5
FO: -138.485112
fast_of: -138.485112
Válida: t
161 33 111 24 102 37 6 84 115 168
Utility: 649.691482

Airplane 6
FO: -77.186885
fast_of: -70.435804
Válida: t
162 11 89 67 13 91 145 10 88 60 138 22 100 44 122 31 71 109 149 66 144 68 146 1 79 169
Utility: 1623.597234

