Airplane 0
FO: 22.658513
fast_of: 44.725389
Válida: t
156 8 86 39 117 73 151 0 41 78 34 119 112 25 103 69 18 96 147 47 125 163
Utility: 1691.369834

Airplane 1
FO: -136.175242
fast_of: -131.836241
Válida: t
157 9 87 56 134 22 100 44 122 24 102 20 98 36 114 164
Utility: 1252.825476

Airplane 2

Airplane 3

Airplane 4
FO: -144.307003
fast_of: -144.307003
Válida: t
160 64 16 46 142 94 124 23 101 58 136 53 131 59 137 17 95 167
Utility: 1526.397114

Airplane 5
FO: -41.853209
fast_of: -35.348984
Válida: t
161 27 105 74 5 152 83 40 118 6 37 115 26 104 84 32 110 168
Utility: 1236.284290

Airplane 6
FO: 28.414292
fast_of: 29.288216
Válida: t
162 48 52 126 130 67 61 139 145 10 88 60 138 65 143 75 55 153 133 54 132 77 66 144 68 146 155 1 79 76 154 45 123 169
Utility: 3091.045989

