Airplane 0
FO: 0.000000
fast_of: 26.372000
Válida: t
156 15 93 39 117 73 151 0 41 78 34 119 112 25 103 69 147 47 125 163
Utility: 1533.228206

Airplane 1

Airplane 2
FO: -66.874579
fast_of: -66.874579
Válida: t
158 40 118 42 120 3 32 81 110 165
Utility: 217.696325

Airplane 3
FO: -217.850966
fast_of: -159.852240
Válida: t
159 55 133 54 132 12 90 37 1 115 79 166
Utility: 452.252165

Airplane 4
FO: 30.137032
fast_of: 72.479609
Válida: t
160 64 46 142 124 23 101 9 87 56 59 134 137 17 95 18 51 129 96 19 6 84 97 167
Utility: 2333.500256

Airplane 5
FO: -135.011641
fast_of: -124.970828
Válida: t
161 33 111 27 105 77 74 5 152 83 155 26 104 36 114 76 154 168
Utility: 1800.180012

Airplane 6
FO: -6.626521
fast_of: 50.488981
Válida: t
162 11 67 89 10 88 145 65 143 2 80 22 100 71 24 102 149 66 144 20 98 169
Utility: 1756.417696

