Airplane 0
FO: -84.664873
fast_of: -76.156611
Válida: t
156 39 117 73 151 0 41 78 34 119 112 17 95 71 7 149 85 47 125 1 79 76 154 163
Utility: 1980.999208

Airplane 1

Airplane 2
FO: -79.369724
fast_of: -63.105980
Válida: t
158 52 130 11 89 58 136 59 137 33 111 27 77 105 66 144 68 155 146 40 118 165
Utility: 2384.000486

Airplane 3

Airplane 4
FO: -1.260137
fast_of: 4.684874
Válida: t
160 64 16 142 48 94 15 93 126 9 87 53 131 25 103 69 147 19 97 36 114 167
Utility: 1351.899522

Airplane 5
FO: -130.454010
fast_of: -100.098349
Válida: t
161 18 24 102 51 129 96 37 20 115 98 26 104 168
Utility: 1027.519930

Airplane 6
FO: 0.000000
fast_of: 31.932504
Válida: t
162 46 124 23 67 101 10 88 145 65 143 22 55 133 100 44 122 31 42 109 120 6 84 32 110 45 123 169
Utility: 2064.253121

