Airplane 0
FO: -156.628284
fast_of: -143.854484
Válida: t
156 15 93 39 117 73 151 0 65 143 41 78 34 119 112 25 103 18 96 47 125 163
Utility: 1620.493666

Airplane 1
FO: -59.384868
fast_of: -59.384868
Válida: t
157 35 113 59 137 17 95 27 105 66 144 68 146 3 6 84 81 164
Utility: 1391.452342

Airplane 2
FO: -84.122903
fast_of: -84.122903
Válida: t
158 51 129 40 118 42 120 20 98 32 26 110 104 165
Utility: 1001.871474

Airplane 3
FO: -77.555095
fast_of: -77.555095
Válida: t
159 11 89 67 145 56 134 49 127 72 150 54 132 77 71 149 155 1 79 76 154 166
Utility: 2318.290221

Airplane 4
FO: -187.258964
fast_of: -187.258964
Válida: t
160 64 46 142 16 94 124 61 139 22 100 69 7 147 85 19 50 128 97 167
Utility: 1550.755656

Airplane 5
FO: -0.869709
fast_of: -0.869709
Válida: t
161 23 101 58 136 53 131 33 111 24 102 74 5 152 83 168
Utility: 996.067453

Airplane 6

