Airplane 0
FO: 38.163155
fast_of: 62.309737
Válida: t
156 15 93 39 117 73 151 0 41 78 34 119 112 55 133 54 132 42 77 120 37 155 47 125 115 76 154 163
Utility: 2597.874015

Airplane 1
FO: -115.398086
fast_of: -111.284008
Válida: t
157 19 3 97 81 26 104 36 114 164
Utility: 523.247650

Airplane 2
FO: -164.973554
fast_of: -153.604577
Válida: t
158 66 144 68 146 1 32 110 79 165
Utility: 481.851346

Airplane 3
FO: -241.621802
fast_of: -232.535804
Válida: t
159 56 134 33 111 27 105 18 51 96 129 6 84 166
Utility: 1293.768682

Airplane 4
FO: -171.906151
fast_of: -171.906151
Válida: t
160 52 48 130 126 9 87 61 139 53 131 25 103 24 102 167
Utility: 991.447315

Airplane 5
FO: -0.000000
fast_of: -0.000000
Válida: t
161 16 46 124 94 11 89 58 136 60 138 59 137 22 100 69 7 147 85 74 5 152 83 20 98 168
Utility: 2260.994004

Airplane 6
FO: -138.856742
fast_of: -136.628742
Válida: t
162 23 101 67 145 65 143 75 70 153 148 169
Utility: 853.463888

