Airplane 0
FO: -51.076676
fast_of: -31.498162
Válida: t
156 15 93 39 117 73 151 0 41 78 34 119 112 25 103 24 37 102 115 32 110 163
Utility: 1830.868011

Airplane 1
FO: -89.740865
fast_of: -80.230335
Válida: t
157 66 77 144 155 6 26 84 104 36 114 76 154 164
Utility: 1479.408552

Airplane 2

Airplane 3
FO: -95.519461
fast_of: -86.678700
Válida: t
159 23 101 58 136 56 134 33 111 27 42 105 120 1 79 166
Utility: 1655.401706

Airplane 4
FO: -45.542186
fast_of: -23.413382
Válida: t
160 64 16 142 94 11 89 9 87 53 131 22 100 69 18 7 85 96 147 40 118 19 97 167
Utility: 1606.064290

Airplane 5
FO: -165.888186
fast_of: -165.888186
Válida: t
161 74 152 5 83 12 90 20 98 3 81 168
Utility: 364.054692

Airplane 6
FO: 18.260358
fast_of: 70.373258
Válida: t
162 46 48 67 126 124 61 139 145 10 88 59 35 113 62 140 137 75 153 17 95 71 44 122 31 109 149 169
Utility: 1860.863937

