Airplane 0
FO: -119.735615
fast_of: -102.264355
Válida: t
156 15 93 39 117 73 151 0 56 134 41 78 34 119 112 25 103 18 96 68 146 47 125 163
Utility: 1955.776738

Airplane 1
FO: 0.000000
fast_of: 4.367017
Válida: t
157 8 86 11 89 61 139 35 113 33 111 27 105 20 98 36 114 164
Utility: 1558.771167

Airplane 2
FO: -181.563380
fast_of: -181.563380
Válida: t
158 77 155 40 118 42 120 19 97 32 110 165
Utility: 1200.692893

Airplane 3
FO: -82.038084
fast_of: -82.038084
Válida: t
159 55 49 127 133 54 132 24 37 102 115 1 79 166
Utility: 738.000978

Airplane 4
FO: -0.000000
fast_of: 23.365177
Válida: t
160 52 48 130 126 9 87 58 136 60 138 59 137 17 95 69 51 129 147 7 85 167
Utility: 1330.275713

Airplane 5
FO: -243.882796
fast_of: -243.882796
Válida: t
161 46 124 168
Utility: 114.876003

Airplane 6
FO: -185.521198
fast_of: -173.454528
Válida: t
162 16 94 23 101 67 10 88 145 65 143 22 75 153 100 71 149 66 144 6 84 76 154 169
Utility: 2241.076031

