Airplane 0
FO: -54.902214
fast_of: -37.337440
Válida: t
156 15 93 39 117 73 151 0 56 134 41 78 34 119 112 17 95 27 105 18 7 96 85 47 125 163
Utility: 2256.277725

Airplane 1
FO: -123.289204
fast_of: -119.988097
Válida: t
157 69 147 19 3 81 97 26 104 36 114 164
Utility: 728.335190

Airplane 2
FO: -84.366622
fast_of: -84.366622
Válida: t
158 8 86 11 89 58 53 136 131 55 133 51 129 40 118 165
Utility: 662.911478

Airplane 3
FO: -73.404366
fast_of: -73.404366
Válida: t
159 52 130 48 67 126 61 145 139 59 137 25 103 166
Utility: 1230.006367

Airplane 4

Airplane 5
FO: -116.577925
fast_of: -94.222556
Válida: t
161 24 102 20 37 115 98 32 110 76 154 168
Utility: 1037.290537

Airplane 6
FO: -0.000000
fast_of: 29.565248
Válida: t
162 46 16 124 94 23 101 10 88 60 138 65 143 75 153 35 113 62 140 33 111 77 66 144 68 146 155 1 79 45 123 169
Utility: 2941.900418

