Airplane 0
156 46 124 163
Utility: 96.796239

Airplane 1
157 7 85 68 146 20 98 164
Utility: 409.334498

Airplane 2
158 23 101 67 145 61 139 165
Utility: 313.443066

Airplane 3
159 41 119 54 132 24 102 37 115 1 79 166
Utility: 596.607947

Airplane 4
160 64 142 48 126 15 93 29 107 9 87 53 131 25 103 69 147 51 129 19 97 167
Utility: 1014.107443

Airplane 5
161 77 155 47 125 26 104 32 110 168
Utility: 866.114493

Airplane 6
162 23 101 30 108 56 134 75 153 55 133 71 149 27 105 66 144 6 84 45 123 169
Utility: 1291.012397

