Airplane 0
156 48 126 16 94 73 151 0 78 56 134 25 103 17 95 71 31 149 109 163
Utility: 1374.552127

Airplane 1
157 77 155 6 84 1 79 164
Utility: 1014.973792

Airplane 2
158 46 124 23 101 9 87 65 59 143 41 137 34 119 112 71 18 149 96 40 118 37 115 26 104 76 154 165
Utility: 2763.997342

Airplane 3
159 55 72 150 133 54 132 24 102 20 98 32 110 166
Utility: 534.388398

Airplane 4
160 52 130 67 145 167
Utility: 265.641238

Airplane 5
161 35 113 33 111 51 129 74 5 152 83 19 97 168
Utility: 654.881638

Airplane 6
162 53 131 75 153 22 100 71 149 24 102 66 144 169
Utility: 200.577529

