Airplane 0
156 16 94 23 101 67 145 163
Utility: 827.899237

Airplane 1
157 61 139 59 137 33 111 24 102 7 85 12 90 6 84 164
Utility: 717.267536

Airplane 2
158 77 155 40 118 42 120 20 98 165
Utility: 1127.126554

Airplane 3
159 34 112 72 71 150 149 37 1 115 79 76 154 166
Utility: 836.352025

Airplane 4
160 52 130 48 126 9 87 56 134 41 119 25 103 27 105 51 129 167
Utility: 1832.648030

Airplane 5
161 74 152 5 83 47 125 26 104 3 81 168
Utility: 166.839654

Airplane 6
162 65 143 75 153 55 133 69 147 66 144 68 146 19 97 169
Utility: 1097.959698

