Airplane 0
156 46 16 124 94 163
Utility: 406.557100

Airplane 1
157 17 95 25 103 24 18 96 37 102 74 152 115 6 3 81 84 164
Utility: 890.055677

Airplane 2
158 56 65 134 143 22 100 69 147 40 118 42 120 20 98 76 154 165
Utility: 1859.805563

Airplane 3

Airplane 4
160 52 48 130 126 9 87 61 139 35 113 59 137 25 103 54 132 51 129 167
Utility: 1110.983112

Airplane 5
161 58 136 53 131 34 112 25 103 168
Utility: 206.085025

Airplane 6
162 23 101 67 10 88 145 0 41 78 119 55 133 27 77 105 66 144 68 146 155 1 79 45 123 169
Utility: 3121.722094

