Airplane 0
156 77 155 20 98 32 110 76 154 163
Utility: 1375.393545

Airplane 1
157 70 148 7 68 85 146 6 84 164
Utility: 267.522134

Airplane 2
158 46 67 124 145 56 134 165
Utility: 837.840644

Airplane 3
159 33 111 54 132 24 102 37 115 1 79 166
Utility: 417.565100

Airplane 4
160 64 142 48 9 126 87 41 119 25 103 69 51 129 147 167
Utility: 1089.709554

Airplane 5
161 74 152 19 3 81 97 26 104 168
Utility: 498.137946

Airplane 6
162 23 101 61 139 59 137 75 153 55 133 71 149 27 105 66 144 1 79 45 123 169
Utility: 1667.187770

