Airplane 0
156 48 46 67 126 124 73 151 145 0 65 78 143 25 103 17 95 69 147 42 24 102 120 163
Utility: 1209.605789

Airplane 1
157 24 102 31 7 85 109 19 3 81 97 1 79 164
Utility: 747.669736

Airplane 2
158 23 101 67 10 88 145 165
Utility: 615.525238

Airplane 3
159 11 89 9 87 61 139 56 134 55 49 127 133 166
Utility: 949.788695

Airplane 4
160 64 16 142 9 94 87 59 41 137 34 119 112 25 103 18 96 51 129 68 146 6 84 167
Utility: 1825.298250

Airplane 5
161 58 136 35 113 33 111 27 105 20 98 26 104 76 154 32 110 168
Utility: 1280.110468

Airplane 6
162 75 153 22 100 71 149 66 77 155 144 169
Utility: 1084.354933

