Airplane 0
156 76 154 32 110 163
Utility: 234.765032

Airplane 1
157 77 155 47 125 26 104 50 128 164
Utility: 669.006257

Airplane 2
158 23 101 67 145 56 65 134 143 165
Utility: 1198.881248

Airplane 3
159 54 132 24 102 71 149 66 144 1 79 166
Utility: 407.520938

Airplane 4
160 64 142 48 126 46 124 9 87 59 137 25 103 69 147 19 97 167
Utility: 1480.008909

Airplane 5
161 74 152 5 83 12 90 20 98 3 81 168
Utility: 364.054692

Airplane 6
162 10 88 41 119 75 153 27 105 31 109 6 84 169
Utility: 992.406492

