Airplane 0
156 16 94 23 101 67 145 56 134 35 113 59 137 34 112 163
Utility: 1359.151221

Airplane 1
157 77 7 155 85 40 118 6 84 76 154 164
Utility: 1262.809446

Airplane 2
158 11 89 61 139 0 78 22 100 17 95 165
Utility: 466.438419

Airplane 3
159 61 139 41 119 21 99 49 127 72 150 24 102 71 149 37 115 1 79 166
Utility: 899.066749

Airplane 4
160 64 46 142 48 124 126 9 87 53 131 25 103 69 147 51 129 20 50 128 98 167
Utility: 1563.425060

Airplane 5
161 74 5 152 83 47 125 26 104 3 81 168
Utility: 198.637589

Airplane 6
162 10 88 65 143 75 153 55 133 27 105 66 144 68 146 19 97 169
Utility: 889.929374

