Airplane 0
156 11 89 67 145 163
Utility: 368.384621

Airplane 1
157 24 102 7 68 85 146 6 84 164
Utility: 221.686780

Airplane 2
158 77 155 40 118 42 120 20 98 45 123 165
Utility: 1100.505918

Airplane 3
159 41 119 54 132 24 37 102 115 1 79 166
Utility: 652.414920

Airplane 4
160 64 46 142 48 124 126 9 87 59 137 25 103 69 147 51 129 167
Utility: 1127.677890

Airplane 5
161 74 152 47 125 26 104 76 154 168
Utility: 402.677655

Airplane 6
162 23 101 10 88 56 65 134 143 75 153 55 133 71 149 27 105 66 144 19 97 169
Utility: 2154.668052

