Airplane 0
156 46 16 124 94 73 151 61 139 163
Utility: 775.829788

Airplane 1
157 41 65 143 34 119 112 25 103 164
Utility: 844.082246

Airplane 2
158 77 155 40 118 42 120 14 92 45 123 165
Utility: 602.774866

Airplane 3
159 72 150 51 129 31 109 20 98 1 79 76 154 166
Utility: 904.301992

Airplane 4
160 52 130 9 87 58 136 59 137 22 100 71 149 66 144 6 37 50 128 115 84 167
Utility: 1149.131366

Airplane 5
161 35 113 33 111 27 105 24 102 69 147 19 3 81 97 32 110 168
Utility: 1389.249895

Airplane 6
162 48 126 23 101 67 145 56 134 75 153 17 95 44 122 31 109 169
Utility: 1334.458416

