Airplane 0
156 19 42 120 97 1 79 163
Utility: 474.730975

Airplane 1
157 66 77 144 68 155 146 3 81 76 154 164
Utility: 1216.008761

Airplane 2
158 11 89 67 145 56 134 165
Utility: 723.866724

Airplane 3
159 61 139 41 119 34 112 55 49 127 72 133 71 150 149 24 102 166
Utility: 1061.502802

Airplane 4
160 64 142 48 126 23 101 9 87 53 131 25 103 27 105 69 147 20 50 128 98 167
Utility: 1850.505392

Airplane 5
161 64 16 46 142 94 124 58 136 59 137 33 111 51 129 40 118 37 115 32 110 168
Utility: 1697.047128

Airplane 6
162 10 88 65 143 75 153 17 95 18 96 31 109 6 84 26 104 169
Utility: 935.252584

