Airplane 0
156 76 154 32 110 163
Utility: 234.765032

Airplane 1
157 77 155 47 125 26 104 164
Utility: 705.343637

Airplane 2
158 23 101 67 145 56 65 134 143 165
Utility: 1198.881248

Airplane 3
159 61 139 41 119 34 112 72 150 54 132 71 149 20 98 1 79 166
Utility: 1503.741816

Airplane 4
160 64 142 48 126 46 124 9 87 53 131 25 103 69 147 68 146 19 97 167
Utility: 1427.515206

Airplane 5
161 74 152 5 83 37 115 3 81 168
Utility: 53.894265

Airplane 6
162 35 113 62 140 75 153 17 95 27 105 31 109 6 84 45 123 169
Utility: 558.829906

