Airplane 0
156 35 113 59 137 25 103 24 102 163
Utility: 535.465800

Airplane 1
157 17 95 69 51 129 147 37 26 115 104 164
Utility: 436.667561

Airplane 2
158 67 145 56 134 165
Utility: 473.926394

Airplane 3
159 33 111 54 132 12 90 20 98 19 97 166
Utility: 853.110819

Airplane 4
160 52 130 46 124 61 139 167
Utility: 525.913398

Airplane 5
161 11 89 9 87 58 136 60 138 0 65 143 78 22 100 55 133 27 105 77 66 144 68 155 146 40 118 3 81 76 154 32 110 168
Utility: 2860.159064

Airplane 6
162 48 16 126 94 23 101 10 88 41 75 153 119 34 112 44 122 31 71 149 109 6 84 1 79 45 123 169
Utility: 1807.113733

