Airplane 0
156 52 48 130 126 73 151 0 78 41 22 100 119 25 103 27 105 24 102 163
Utility: 1931.644968

Airplane 1
157 33 111 77 155 68 146 6 84 164
Utility: 311.269789

Airplane 2
158 51 129 40 118 42 120 19 3 81 97 1 79 165
Utility: 931.584120

Airplane 3

Airplane 4
160 64 16 142 46 94 124 9 87 56 134 35 113 59 25 34 137 112 103 69 147 77 20 155 50 128 98 32 110 26 104 76 154 167
Utility: 3570.883708

Airplane 5

Airplane 6
162 23 101 67 145 65 143 75 153 55 133 71 149 66 144 169
Utility: 1125.050987

