Airplane 0
156 16 94 23 101 163
Utility: 486.682918

Airplane 1
157 24 102 7 85 68 146 6 84 164
Utility: 167.851477

Airplane 2
158 40 118 42 120 20 98 76 154 165
Utility: 786.339295

Airplane 3
159 41 119 54 132 77 155 37 115 1 79 166
Utility: 1356.752085

Airplane 4
160 64 142 48 126 46 124 9 87 53 131 25 103 69 147 51 129 167
Utility: 1066.812639

Airplane 5
161 74 152 47 125 50 128 32 110 26 104 168
Utility: 251.201141

Airplane 6
162 67 145 56 65 134 143 75 153 55 133 71 149 27 105 66 144 19 97 45 123 169
Utility: 2040.292965

