Airplane 0
156 76 154 32 110 163
Utility: 234.765032

Airplane 1
157 70 148 44 122 77 68 155 146 6 84 164
Utility: 887.731303

Airplane 2

Airplane 3
159 41 119 25 103 24 102 37 115 1 79 166
Utility: 1032.449094

Airplane 4
160 52 48 130 126 61 139 59 137 22 100 69 147 19 97 167
Utility: 1438.075072

Airplane 5
161 74 152 5 83 47 125 26 104 3 81 168
Utility: 166.839654

Airplane 6
162 23 101 67 145 30 108 56 65 134 143 75 153 49 127 55 133 71 149 27 105 66 144 20 98 45 123 169
Utility: 2315.873740

