Airplane 0
156 48 46 67 126 124 145 56 65 134 143 41 59 137 119 25 103 24 102 77 155 19 97 163
Utility: 2827.647488

Airplane 1

Airplane 2
158 16 94 11 89 60 138 0 65 143 78 22 34 112 100 165
Utility: 964.652993

Airplane 3
159 23 101 61 139 56 134 55 133 72 150 71 149 20 98 6 84 76 154 166
Utility: 1539.339173

Airplane 4
160 52 130 9 87 53 131 17 95 27 105 77 155 167
Utility: 665.620254

Airplane 5
161 74 152 37 115 26 32 104 110 168
Utility: 370.893100

Airplane 6
162 41 119 69 147 40 118 66 144 1 79 169
Utility: 461.455347

