Airplane 0
156 11 89 67 145 163
Utility: 368.384621

Airplane 1
157 77 7 85 155 6 84 164
Utility: 806.797746

Airplane 2
158 23 101 61 139 56 134 165
Utility: 817.750714

Airplane 3
159 41 119 34 112 72 71 149 150 54 132 24 102 37 115 1 79 76 154 166
Utility: 1318.830003

Airplane 4
160 64 142 46 48 126 124 9 87 53 131 25 103 69 147 51 129 20 98 167
Utility: 1536.221907

Airplane 5
161 74 5 83 152 47 125 26 104 32 110 168
Utility: 309.623627

Airplane 6
162 65 143 59 137 75 153 55 133 27 105 66 144 68 146 3 19 81 97 169
Utility: 1685.486347

