Airplane 0

Airplane 1
157 7 85 20 98 26 104 1 79 164
Utility: 772.093007

Airplane 2

Airplane 3
159 52 130 46 16 94 124 61 139 0 78 41 119 17 95 27 54 132 24 105 37 102 115 32 110 76 154 166
Utility: 1886.817903

Airplane 4
160 64 142 48 126 23 101 9 87 53 131 25 103 27 105 51 129 19 50 128 97 167
Utility: 1284.778465

Airplane 5
161 56 134 22 34 112 100 168
Utility: 632.376745

Airplane 6
162 11 89 67 10 88 145 65 143 75 153 55 133 71 149 66 77 144 68 146 155 6 84 45 123 169
Utility: 1204.528316

