Airplane 0
156 15 93 67 73 151 145 0 78 22 100 69 147 20 98 19 3 81 97 32 110 163
Utility: 2013.291044

Airplane 1

Airplane 2

Airplane 3
159 16 94 11 89 61 139 41 119 54 132 66 144 37 115 76 154 166
Utility: 1580.979338

Airplane 4
160 64 46 142 48 124 126 9 87 58 136 59 137 33 111 51 129 167
Utility: 1238.342658

Airplane 5
161 25 103 24 102 74 5 83 152 1 79 26 104 168
Utility: 774.025622

Airplane 6
162 23 101 10 88 56 65 134 143 75 153 34 112 44 122 77 71 149 155 6 84 169
Utility: 2223.543818

