Airplane 0
156 16 46 94 124 23 101 163
Utility: 885.946365

Airplane 1
157 11 89 58 136 59 137 55 133 27 105 18 31 96 74 152 109 19 97 164
Utility: 1260.566563

Airplane 2
158 48 67 126 61 145 139 34 112 33 111 77 42 120 155 3 81 76 154 165
Utility: 2102.385671

Airplane 3

Airplane 4
160 52 130 9 87 60 138 0 78 41 119 75 153 17 95 69 7 85 5 83 147 40 118 37 6 84 115 167
Utility: 1812.355927

Airplane 5
161 56 65 134 143 25 103 27 54 132 105 24 102 51 129 20 98 32 110 168
Utility: 1527.427799

Airplane 6
162 71 149 66 144 68 146 1 79 45 123 169
Utility: 588.004335

