Airplane 0
156 76 154 32 110 163
Utility: 234.765032

Airplane 1
157 77 155 47 125 26 104 50 128 164
Utility: 669.006257

Airplane 2
158 23 101 67 145 61 139 165
Utility: 420.034066

Airplane 3
159 41 119 34 112 72 150 54 132 27 105 1 79 166
Utility: 1154.004701

Airplane 4
160 64 142 46 48 126 124 9 87 53 131 25 103 69 147 68 146 19 97 167
Utility: 1453.627069

Airplane 5
161 74 152 5 83 12 90 20 98 3 81 168
Utility: 364.054692

Airplane 6
162 11 89 67 145 56 65 134 143 75 153 70 148 44 122 31 71 149 109 6 84 169
Utility: 1208.310657

