Airplane 0

Airplane 1
157 77 155 47 125 26 104 50 128 164
Utility: 669.006257

Airplane 2
158 23 101 67 145 61 139 165
Utility: 313.443066

Airplane 3
159 41 119 54 132 24 102 51 129 20 98 1 79 76 154 166
Utility: 1710.078425

Airplane 4
160 64 142 48 126 46 124 9 87 53 131 25 103 69 147 68 146 19 97 167
Utility: 1427.515206

Airplane 5
161 27 105 37 115 3 81 168
Utility: 371.004496

Airplane 6
162 23 101 10 88 30 108 56 65 134 143 75 153 70 148 44 122 31 71 149 109 63 141 6 84 45 123 169
Utility: 857.601170

