Airplane 0
156 23 101 61 139 163
Utility: 438.444658

Airplane 1
157 34 112 33 111 77 155 68 146 164
Utility: 1011.368788

Airplane 2
158 40 118 42 120 3 81 1 79 165
Utility: 355.562838

Airplane 3
159 41 119 54 132 24 102 37 115 6 84 166
Utility: 918.663113

Airplane 4
160 64 142 48 126 46 124 9 87 59 137 25 103 69 147 19 97 167
Utility: 1480.008909

Airplane 5
161 74 152 47 125 26 104 32 110 168
Utility: 281.650271

Airplane 6
162 11 89 67 145 56 65 134 143 75 153 55 133 71 149 27 105 66 144 20 98 169
Utility: 1960.220754

