Airplane 0
156 4 82 50 128 32 110 76 154 163
Utility: 222.864955

Airplane 1

Airplane 2
158 33 111 31 109 20 98 165
Utility: 473.388957

Airplane 3
159 41 119 54 132 24 102 37 115 166
Utility: 357.556639

Airplane 4
160 64 46 142 48 124 126 9 87 53 131 59 137 34 25 112 103 69 147 51 129 19 50 128 97 167
Utility: 1811.718270

Airplane 5
161 74 152 6 84 26 104 168
Utility: 298.612878

Airplane 6
162 16 94 23 101 67 10 88 145 56 65 134 143 75 153 55 133 71 149 27 77 105 66 144 68 155 146 1 79 45 123 169
Utility: 3458.026114

