Airplane 0
156 15 93 67 73 151 145 65 0 143 78 34 112 25 103 163
Utility: 1190.624630

Airplane 1
157 8 86 11 89 61 139 59 137 33 111 51 129 47 125 26 104 164
Utility: 1259.925311

Airplane 2
158 48 16 126 94 23 101 58 136 22 100 71 149 42 120 19 3 81 97 165
Utility: 1539.590590

Airplane 3
159 55 49 127 72 150 133 54 132 18 69 96 147 20 98 76 154 166
Utility: 1163.927623

Airplane 4
160 52 130 46 9 124 87 41 119 25 103 24 102 77 66 144 68 155 146 167
Utility: 2108.170087

Airplane 5
161 27 105 37 115 3 81 32 110 168
Utility: 469.677580

Airplane 6
162 10 88 56 134 75 153 17 95 44 122 31 109 40 118 6 84 1 79 45 123 169
Utility: 1233.594334

