Airplane 0
156 52 130 67 61 139 145 0 65 143 78 22 100 69 147 77 37 155 4 82 115 163
Utility: 1560.364921

Airplane 1
157 55 133 7 44 122 31 85 109 6 84 164
Utility: 66.865388

Airplane 2
158 48 126 73 151 165
Utility: 43.259851

Airplane 3
159 56 134 33 111 54 132 18 96 40 118 42 120 19 97 32 110 166
Utility: 1325.078624

Airplane 4
160 64 16 46 142 94 124 15 93 9 87 58 136 60 138 59 137 34 25 112 17 95 103 24 102 51 129 5 74 83 152 40 118 6 3 84 81 1 79 167
Utility: 2877.247659

Airplane 5

Airplane 6
162 23 101 10 88 41 65 143 75 153 119 27 105 66 144 68 146 20 98 76 154 45 123 169
Utility: 2184.900028

