Airplane 0
156 0 78 56 134 22 34 112 100 163
Utility: 47.631473

Airplane 1
157 61 139 10 88 59 137 33 111 7 85 51 129 6 84 26 104 76 154 164
Utility: 1269.092634

Airplane 2
158 11 89 67 145 56 65 134 143 165
Utility: 540.943484

Airplane 3
159 41 119 49 127 72 150 54 132 24 102 71 149 37 115 3 81 1 79 166
Utility: 1144.646687

Airplane 4
160 64 142 48 126 46 124 9 87 53 131 25 103 69 147 19 97 167
Utility: 1043.485491

Airplane 5
161 74 5 152 83 47 125 26 104 32 110 168
Utility: 103.397920

Airplane 6
162 16 94 23 101 58 136 34 112 55 133 27 77 105 66 144 68 146 155 20 98 169
Utility: 2080.376440

