Airplane 0
156 15 93 16 67 94 145 61 139 41 59 137 34 119 112 25 103 69 147 4 82 19 97 163
Utility: 1755.537795

Airplane 1
157 70 148 44 122 77 68 146 155 6 84 164
Utility: 884.639250

Airplane 2
158 40 118 42 120 32 110 165
Utility: 124.111108

Airplane 3
159 8 86 11 89 9 87 61 65 139 143 33 111 27 54 132 24 105 102 51 129 37 115 26 104 1 79 166
Utility: 1379.897685

Airplane 4

Airplane 5
161 47 125 26 3 81 104 76 154 168
Utility: 153.595217

Airplane 6
162 46 124 23 101 10 88 56 134 75 153 55 133 71 149 27 105 66 144 20 98 45 123 169
Utility: 1961.478253

