Airplane 0
156 46 124 67 145 163
Utility: 449.074560

Airplane 1
157 77 155 47 125 26 104 50 128 164
Utility: 669.006257

Airplane 2
158 40 118 42 120 19 97 165
Utility: 343.868734

Airplane 3
159 41 119 34 112 72 150 54 132 24 102 20 98 1 79 166
Utility: 1528.812782

Airplane 4
160 52 130 48 126 9 87 56 134 22 100 69 147 167
Utility: 1072.430796

Airplane 5
161 74 152 37 3 81 115 168
Utility: 74.244288

Airplane 6
162 23 101 61 139 65 143 75 153 70 148 44 122 31 71 149 109 6 84 76 154 169
Utility: 1597.725168

