Airplane 0

Airplane 1
157 70 148 44 122 7 85 77 155 6 84 3 81 164
Utility: 535.318002

Airplane 2
158 23 101 58 136 56 75 134 153 55 133 51 129 40 118 31 42 109 120 20 98 32 110 165
Utility: 2146.267998

Airplane 3
159 48 46 126 67 124 61 145 139 65 143 41 59 137 34 119 112 25 103 27 54 132 24 105 18 96 102 37 6 84 115 26 50 128 104 76 154 166
Utility: 3600.344039

Airplane 4
160 52 130 16 94 73 151 0 78 22 100 17 95 167
Utility: 884.703738

Airplane 5

Airplane 6
162 71 149 66 144 68 146 1 79 45 123 169
Utility: 588.004335

