Airplane 0
156 48 126 23 101 67 145 0 78 163
Utility: 893.421788

Airplane 1
157 55 133 69 147 40 118 31 109 19 3 81 97 164
Utility: 805.391856

Airplane 2
158 52 130 46 124 73 151 58 136 56 134 22 34 112 100 71 7 85 12 90 149 20 98 26 104 1 79 76 154 165
Utility: 2029.376829

Airplane 3
159 41 119 54 132 51 129 166
Utility: 406.129601

Airplane 4
160 8 86 9 87 59 137 25 103 167
Utility: 441.467748

Airplane 5
161 53 131 56 134 33 111 24 102 37 6 84 115 32 110 168
Utility: 914.077166

Airplane 6
162 11 89 61 139 10 88 65 143 75 153 17 95 27 105 77 66 144 155 169
Utility: 2051.132116

