Airplane 0
156 56 0 134 78 22 100 25 103 163
Utility: 784.126747

Airplane 1
157 33 111 77 68 155 146 6 3 81 84 164
Utility: 1204.938330

Airplane 2
158 46 67 124 61 145 139 165
Utility: 768.288558

Airplane 3
159 41 119 54 132 24 102 37 115 1 79 76 154 166
Utility: 1096.932547

Airplane 4
160 8 86 11 89 9 87 65 143 53 131 34 112 17 95 69 18 96 147 167
Utility: 1303.524171

Airplane 5
161 74 5 152 83 19 97 32 26 104 110 168
Utility: 645.519667

Airplane 6
162 16 94 23 101 10 88 59 137 75 153 55 133 71 149 27 105 20 98 45 123 169
Utility: 2073.046883

