////////Airplane 0////////
Route 0
FO: -4.559769
fast_of: 15.802262
Válida: t
70 29 64 23 58 0 35 7 18 53 42 77
Route 1
FO: -53.635204
fast_of: -33.273174
Válida: t
70 29 64 23 58 0 35 22 57 7 18 53 42 77
Route 2
FO: -133.228270
fast_of: -94.361790
Válida: t
70 16 51 23 58 0 35 22 57 7 18 53 42 77
Route 3
FO: -119.131963
fast_of: -119.131963
Válida: t
70 77
Route 4
FO: -142.556141
fast_of: -122.194110
Válida: t
70 5 40 7 42 28 63 77
Route 5
FO: -216.090964
fast_of: -195.728933
Válida: t
70 22 57 7 42 28 63 77
Route 6
FO: -150.302056
fast_of: -129.940025
Válida: t
70 33 68 30 65 7 42 32 67 77
Route 7
FO: -98.264066
fast_of: -59.397587
Válida: t
70 16 51 23 58 0 35 7 18 53 42 32 67 77
Route 8
FO: -84.124762
fast_of: -84.124762
Válida: t
70 15 50 34 69 17 52 30 7 65 18 53 42 77
Route 9
FO: -9.266083
fast_of: -9.266083
Válida: t
70 29 64 23 58 0 35 34 69 77
Route 10
FO: -43.105818
fast_of: -43.105818
Válida: t
70 33 68 32 67 28 63 77
Route 11
FO: -58.070284
fast_of: -37.708254
Válida: t
70 0 35 34 69 33 68 7 18 53 42 77
Route 12
FO: -0.000000
fast_of: -0.000000
Válida: t
70 29 64 23 58 0 35 32 67 77
Route 13
FO: -54.597033
fast_of: -34.235002
Válida: t
70 23 58 0 35 34 69 31 66 33 68 7 42 77
Route 14
FO: -52.564416
fast_of: -52.564416
Válida: t
70 29 64 23 58 33 27 68 7 18 62 53 42 77
Route 15
FO: -97.300695
fast_of: -76.938665
Válida: t
70 29 64 34 69 31 66 33 68 7 18 53 42 77
Route 16
FO: -46.353323
fast_of: -46.353323
Válida: t
70 29 64 23 58 17 52 30 7 65 18 53 42 77
Route 17
FO: -84.152835
fast_of: -45.286355
Válida: t
70 16 51 23 58 0 35 7 18 53 42 77
Route 18
FO: -92.903981
fast_of: -72.541950
Válida: t
70 29 64 15 50 34 69 17 52 33 68 7 18 53 42 77
Route 19
FO: 0.000000
fast_of: 20.362031
Válida: t
70 8 43 23 58 0 35 7 18 53 42 77
Route 20
FO: -127.320105
fast_of: -106.958074
Válida: t
70 29 64 34 69 31 66 25 60 33 68 7 42 77
Route 21
FO: -51.855173
fast_of: -51.855173
Válida: t
70 29 64 23 58 21 56 17 52 30 7 65 18 53 42 77
Route 22
FO: -47.568264
fast_of: -27.206233
Válida: t
70 0 35 34 69 31 66 25 60 33 68 7 18 53 42 77
Route 23
FO: -72.709428
fast_of: -61.172863
Válida: t
70 29 64 23 58 34 69 25 60 33 31 66 68 7 18 53 42 77
Route 24
FO: 35.266708
fast_of: 60.520217
Válida: t
70 29 15 50 64 23 58 0 35 22 34 69 25 60 57 33 68 7 18 53 42 77
Route 25
FO: 27.158332
fast_of: 41.030884
Válida: t
70 29 15 50 64 23 58 0 35 2 37 17 52 33 68 7 18 53 42 77
Route 26
FO: 33.884871
fast_of: 33.884871
Válida: t
70 29 64 23 58 0 35 17 52 30 7 65 18 53 42 28 63 77
////////Airplane 1////////
Route 0
FO: -23.700567
fast_of: -23.700567
Válida: t
71 15 50 9 44 25 60 12 47 3 38 1 36 78
Route 1
FO: 0.000000
fast_of: 0.000000
Válida: t
71 15 50 9 44 25 60 12 47 19 3 38 54 1 36 78
Route 2
FO: -58.476797
fast_of: -58.476797
Válida: t
71 15 50 22 57 25 60 12 47 19 3 38 54 1 36 78
Route 3
FO: -207.810019
fast_of: -207.810019
Válida: t
71 78
Route 4
FO: -316.109717
fast_of: -297.605268
Válida: t
71 16 51 23 58 4 39 1 36 6 41 78
Route 5
FO: -366.783950
fast_of: -348.279501
Válida: t
71 16 51 23 58 22 57 4 39 1 36 6 41 78
Route 6
FO: -388.670861
fast_of: -370.166412
Válida: t
71 16 51 23 58 22 57 21 56 1 36 6 41 78
Route 7
FO: -56.419858
fast_of: -56.419858
Válida: t
71 15 50 33 27 68 62 12 47 19 3 38 54 1 36 78
Route 8
FO: -208.382009
fast_of: -189.877560
Válida: t
71 16 51 29 64 23 58 30 65 1 36 78
Route 9
FO: -162.229384
fast_of: -162.229384
Válida: t
71 8 43 23 58 9 44 27 62 12 47 78
Route 10
FO: -28.899354
fast_of: -28.899354
Válida: t
71 15 50 23 58 9 44 32 67 20 3 38 55 26 61 78
Route 11
FO: -43.511396
fast_of: -30.936634
Válida: t
71 31 66 25 60 12 32 67 47 19 3 38 54 1 36 78
Route 12
FO: -49.267557
fast_of: -49.267557
Válida: t
71 15 50 34 69 30 32 65 67 20 3 38 55 26 61 78
Route 13
FO: -104.999533
fast_of: -104.999533
Válida: t
71 15 50 9 44 25 60 33 68 32 67 1 36 78
Route 14
FO: -105.751840
fast_of: -93.177078
Válida: t
71 23 58 9 44 31 66 32 12 47 67 78
Route 15
FO: -27.865081
fast_of: -27.865081
Válida: t
71 15 50 31 66 25 60 12 47 19 20 55 54 1 36 78
Route 16
FO: -43.681698
fast_of: -43.681698
Válida: t
71 15 50 31 66 25 60 33 68 32 67 19 20 55 54 1 36 78
Route 17
FO: 18.175569
fast_of: 36.941623
Válida: t
71 15 50 23 58 33 21 56 68 32 5 40 12 47 67 19 3 38 54 1 36 78
Route 18
FO: 0.000000
fast_of: 0.000000
Válida: t
71 15 50 31 66 25 60 12 47 19 3 38 54 1 36 78
Route 19
FO: -55.212664
fast_of: -55.212664
Válida: t
71 15 50 23 58 9 44 25 60 12 47 26 61 1 36 78
Route 20
FO: -27.865081
fast_of: -27.865081
Válida: t
71 15 50 31 66 25 60 12 47 19 20 55 54 1 36 78
Route 21
FO: -89.293533
fast_of: -89.293533
Válida: t
71 29 64 31 66 25 60 33 68 32 67 20 55 1 36 78
Route 22
FO: -81.311485
fast_of: -81.311485
Válida: t
71 29 64 33 68 12 47 19 3 38 54 1 36 78
Route 23
FO: 0.000000
fast_of: 0.000000
Válida: t
71 15 50 9 44 31 66 25 60 12 47 19 3 38 54 1 36 78
Route 24
FO: -10.453589
fast_of: 2.121173
Válida: t
71 15 50 9 44 25 60 33 68 7 32 42 12 47 67 20 19 55 54 1 36 78
Route 25
FO: -43.909720
fast_of: -43.909720
Válida: t
71 23 58 9 44 25 60 12 47 3 38 1 36 78
////////Airplane 2////////
Route 0
FO: -0.000000
fast_of: -0.000000
Válida: t
72 10 45 20 55 26 61 79
Route 1
FO: -79.570945
fast_of: -79.570945
Válida: t
72 10 45 22 57 20 55 26 61 79
Route 2
FO: -97.569821
fast_of: -97.569821
Válida: t
72 10 45 22 57 20 55 1 36 79
Route 3
FO: -117.566531
fast_of: -117.566531
Válida: t
72 79
Route 4
FO: -109.533400
fast_of: -95.660848
Válida: t
72 8 43 29 15 64 50 9 44 10 45 0 35 22 57 17 52 24 59 18 53 32 67 79
Route 5
FO: -144.166425
fast_of: -130.293873
Válida: t
72 8 43 29 15 64 50 9 44 10 45 0 35 22 57 17 52 24 59 18 53 32 67 1 36 79
Route 6
FO: -96.134335
fast_of: -82.261783
Válida: t
72 8 43 29 15 64 50 9 44 10 45 0 35 22 57 17 52 24 59 18 53 20 55 1 36 79
Route 7
FO: -82.918169
fast_of: -82.918169
Válida: t
72 28 63 79
Route 8
FO: -127.036473
fast_of: -127.036473
Válida: t
72 23 58 10 45 33 68 24 59 18 53 32 67 79
Route 9
FO: -43.880363
fast_of: -43.880363
Válida: t
72 15 50 8 43 29 64 0 10 45 35 17 52 27 30 65 62 79
Route 10
FO: -78.392534
fast_of: -78.392534
Válida: t
72 10 45 17 52 26 61 79
Route 11
FO: -108.541088
fast_of: -94.668537
Válida: t
72 8 43 29 15 64 50 9 44 21 56 18 32 53 67 26 61 79
Route 12
FO: -54.087843
fast_of: -41.198504
Válida: t
72 15 50 29 64 9 44 0 10 45 35 22 17 52 57 12 47 30 65 32 67 79
Route 13
FO: -69.391733
fast_of: -69.391733
Válida: t
72 10 45 18 53 12 47 26 61 79
Route 14
FO: -41.980734
fast_of: -41.980734
Válida: t
72 10 45 3 38 1 36 79
Route 15
FO: -171.355059
fast_of: -158.465720
Válida: t
72 29 64 15 50 9 44 22 34 69 17 52 57 18 53 32 7 42 67 79
Route 16
FO: -70.472374
fast_of: -70.472374
Válida: t
72 15 50 0 10 45 35 22 57 27 30 65 62 24 59 79
Route 17
FO: -67.227828
fast_of: -53.355277
Válida: t
72 29 15 50 64 23 58 17 52 33 68 32 67 79
Route 18
FO: -38.358025
fast_of: -38.358025
Válida: t
72 8 43 10 45 0 35 17 52 27 62 24 59 79
Route 19
FO: -19.300513
fast_of: -5.427962
Válida: t
72 8 43 29 15 64 50 27 62 18 32 53 67 20 55 26 61 79
Route 20
FO: 7.634463
fast_of: 21.507014
Válida: t
72 8 43 29 15 50 64 32 7 42 67 28 63 26 61 79
Route 21
FO: -131.275281
fast_of: -110.913250
Válida: t
72 15 50 34 69 31 66 33 68 7 18 53 42 32 67 79
Route 22
FO: -50.985541
fast_of: -39.604583
Válida: t
72 0 35 22 34 69 25 60 57 33 68 30 32 65 67 79
Route 23
FO: -53.811171
fast_of: -53.811171
Válida: t
72 15 50 8 43 10 45 17 52 27 62 24 59 79
Route 24
FO: -14.330271
fast_of: -0.457719
Válida: t
72 8 43 29 15 50 64 34 69 32 5 40 67 79
Route 25
FO: -39.544964
fast_of: -39.544964
Válida: t
72 8 43 23 58 27 30 65 62 24 59 79
Route 26
FO: -94.869618
fast_of: -74.507587
Válida: t
72 10 45 34 69 31 66 33 68 7 18 53 42 12 47 79
Route 27
FO: -24.933196
fast_of: -11.060645
Válida: t
72 8 43 29 15 50 64 31 66 33 68 32 67 79
Route 28
FO: -55.067947
fast_of: -41.195396
Válida: t
72 16 29 51 15 50 64 34 69 31 66 33 68 32 5 40 67 3 26 61 1 38 36 79
Route 29
FO: -4.566620
fast_of: -4.566620
Válida: t
72 8 43 10 45 17 52 27 62 20 55 26 61 79
Route 30
FO: -76.381839
fast_of: -76.381839
Válida: t
72 21 56 17 52 27 62 20 55 26 61 79
Route 31
FO: -18.292363
fast_of: -4.419811
Válida: t
72 8 43 29 15 64 50 34 69 21 56 17 52 12 47 28 63 26 61 79
Route 32
FO: -38.907094
fast_of: -25.034542
Válida: t
72 8 43 29 15 64 50 9 44 0 10 45 35 34 69 17 52 24 59 32 67 20 55 79
Route 33
FO: -35.977386
fast_of: -20.510181
Válida: t
72 10 45 22 34 69 31 66 25 60 57 33 68 7 18 53 42 12 47 20 55 26 61 79
Route 34
FO: -62.435774
fast_of: -40.829620
Válida: t
72 15 29 50 64 23 58 0 10 45 35 22 34 69 57 17 52 27 62 24 59 79
Route 35
FO: 0.000000
fast_of: 12.574762
Válida: t
72 29 64 31 66 33 68 32 5 40 12 47 67 3 26 61 1 38 36 79
Route 36
FO: 27.158332
fast_of: 41.030884
Válida: t
72 29 15 50 64 31 66 33 68 7 32 42 5 40 67 28 3 38 63 79
Route 37
FO: 6.132795
fast_of: 19.022133
Válida: t
72 10 45 0 35 2 37 22 17 52 57 12 47 30 65 32 67 79
Route 38
FO: -35.528029
fast_of: -35.528029
Válida: t
72 10 45 17 52 33 27 68 62 28 63 26 61 79
Route 39
FO: 0.000000
fast_of: 0.000000
Válida: t
72 23 58 0 35 32 67 20 55 1 36 79
Route 40
FO: -11.949151
fast_of: 1.923401
Válida: t
72 29 15 64 50 0 35 2 37 17 52 20 55 26 61 1 36 79
////////Airplane 3////////
Route 0
FO: -3.800486
fast_of: 14.703962
Válida: t
73 16 51 8 43 24 59 28 63 80
Route 1
FO: 0.000000
fast_of: 18.504449
Válida: t
73 16 51 8 43 13 48 22 57 21 56 24 59 20 55 1 36 28 63 80
Route 2
FO: -17.228927
fast_of: 1.275522
Válida: t
73 16 51 8 43 0 35 22 57 21 56 24 59 20 55 1 36 28 63 80
Route 3
FO: -91.474570
fast_of: -91.474570
Válida: t
73 80
Route 4
FO: -222.027330
fast_of: -222.027330
Válida: t
73 12 47 14 49 19 54 80
Route 5
FO: -272.656991
fast_of: -272.656991
Válida: t
73 22 57 12 47 14 49 19 54 80
Route 6
FO: -230.040311
fast_of: -230.040311
Válida: t
73 22 57 12 47 20 55 19 54 80
Route 7
FO: -102.641226
fast_of: -102.641226
Válida: t
73 21 56 28 63 80
Route 8
FO: -115.902277
fast_of: -115.902277
Válida: t
73 30 65 80
Route 9
FO: -120.819734
fast_of: -120.819734
Válida: t
73 17 52 80
Route 10
FO: 0.000000
fast_of: 18.504449
Válida: t
73 16 51 8 43 13 48 21 56 32 67 28 63 80
Route 11
FO: -98.876038
fast_of: -80.371589
Válida: t
73 16 51 24 59 28 63 80
Route 12
FO: -96.633604
fast_of: -78.129155
Válida: t
73 16 51 17 52 18 53 12 47 28 63 80
Route 13
FO: -104.964486
fast_of: -66.098006
Válida: t
73 16 51 7 32 42 67 28 63 80
Route 14
FO: -14.373513
fast_of: -14.373513
Válida: t
73 0 35 22 57 27 62 24 59 30 65 1 36 28 63 80
Route 15
FO: -45.802803
fast_of: -27.298354
Válida: t
73 16 51 8 43 9 44 1 36 28 63 80
Route 16
FO: -34.005911
fast_of: -15.501462
Válida: t
73 16 51 8 43 12 47 28 63 80
Route 17
FO: -59.937364
fast_of: -41.432915
Válida: t
73 16 51 34 69 32 67 28 63 80
Route 18
FO: -19.498057
fast_of: -0.993608
Válida: t
73 16 51 8 43 9 44 31 66 32 67 28 63 80
Route 19
FO: -58.961818
fast_of: -40.457370
Válida: t
73 16 51 34 69 31 66 32 67 28 63 80
Route 20
FO: -12.352001
fast_of: 6.152447
Válida: t
73 16 51 8 43 24 59 32 67 28 63 80
Route 21
FO: -45.288314
fast_of: -26.783865
Válida: t
73 16 51 8 43 24 59 20 55 1 36 80
Route 22
FO: -70.509827
fast_of: -52.005378
Válida: t
73 16 51 15 50 34 69 12 47 28 63 80
Route 23
FO: 8.646950
fast_of: 21.221712
Válida: t
73 16 51 8 43 32 12 47 67 28 63 80
Route 24
FO: -37.221177
fast_of: -24.646414
Válida: t
73 16 51 9 44 31 66 32 12 47 67 28 63 80
Route 25
FO: 0.000000
fast_of: 18.504449
Válida: t
73 16 51 8 43 10 45 24 59 28 63 80
Route 26
FO: 0.000000
fast_of: 0.000000
Válida: t
73 0 35 2 37 22 57 27 62 20 55 1 36 28 63 80
Route 27
FO: 18.504449
fast_of: 31.079211
Válida: t
73 16 51 8 43 9 44 31 66 32 12 47 67 28 63 80
Route 28
FO: -19.315487
fast_of: -6.740724
Válida: t
73 29 64 32 12 47 67 28 63 80
////////Airplane 4////////
Route 0
FO: -89.174041
fast_of: -89.174041
Válida: t
74 17 52 27 62 81
Route 1
FO: -58.499226
fast_of: -58.499226
Válida: t
74 13 48 22 57 17 52 27 62 14 20 49 55 81
Route 2
FO: -200.765589
fast_of: -182.261140
Válida: t
74 16 51 22 57 17 52 27 62 14 20 49 55 81
Route 3
FO: -118.918666
fast_of: -118.918666
Válida: t
74 81
Route 4
FO: -147.534517
fast_of: -147.534517
Válida: t
74 2 37 34 69 31 66 25 60 33 68 27 62 81
Route 5
FO: -143.954181
fast_of: -143.954181
Válida: t
74 2 37 34 69 31 66 25 60 33 68 27 62 14 49 81
Route 6
FO: -120.920092
fast_of: -120.920092
Válida: t
74 2 37 34 69 31 66 25 60 33 68 27 62 20 55 81
Route 7
FO: -147.917244
fast_of: -147.917244
Válida: t
74 2 37 34 69 31 66 33 7 68 42 81
Route 8
FO: -107.700215
fast_of: -107.700215
Válida: t
74 2 37 34 69 17 52 33 68 81
Route 9
FO: -1.223607
fast_of: -1.223607
Válida: t
74 8 43 13 48 17 52 27 30 62 65 32 67 81
Route 10
FO: -113.395408
fast_of: -113.395408
Válida: t
74 2 37 34 69 31 66 30 65 81
Route 11
FO: -47.572263
fast_of: -47.572263
Válida: t
74 29 64 34 69 17 52 33 68 18 53 12 47 30 65 3 26 38 61 81
Route 12
FO: -103.905160
fast_of: -103.905160
Válida: t
74 2 37 34 69 31 66 33 27 68 62 6 3 38 41 81
Route 13
FO: -160.936895
fast_of: -140.574864
Válida: t
74 15 50 31 66 25 60 33 27 68 7 42 62 81
Route 14
FO: -43.338293
fast_of: -43.338293
Válida: t
74 17 52 27 30 62 65 81
Route 15
FO: -57.095289
fast_of: -57.095289
Válida: t
74 17 52 27 62 28 63 81
Route 16
FO: -112.905198
fast_of: -112.905198
Válida: t
74 34 69 31 66 33 68 32 67 81
Route 17
FO: -127.820101
fast_of: -127.820101
Válida: t
74 9 44 34 69 31 66 33 68 81
Route 18
FO: -97.678630
fast_of: -97.678630
Válida: t
74 23 58 34 69 31 66 33 68 81
Route 19
FO: -118.783314
fast_of: -118.783314
Válida: t
74 15 50 34 69 31 66 33 27 68 62 81
Route 20
FO: -76.990849
fast_of: -76.990849
Válida: t
74 2 37 17 52 33 68 18 53 12 47 30 65 81
Route 21
FO: -105.085697
fast_of: -105.085697
Válida: t
74 2 37 34 69 31 66 33 68 81
Route 22
FO: -120.706712
fast_of: -120.706712
Válida: t
74 15 50 34 69 2 37 31 66 33 68 81
Route 23
FO: -93.278125
fast_of: -93.278125
Válida: t
74 17 52 25 60 27 62 30 65 81
Route 24
FO: -96.778440
fast_of: -96.778440
Válida: t
74 2 37 34 69 31 66 25 60 30 65 81
Route 25
FO: -37.577392
fast_of: -37.577392
Válida: t
74 2 37 34 69 31 66 25 60 33 27 68 62 14 28 49 3 63 38 81
Route 26
FO: -73.696247
fast_of: -73.696247
Válida: t
74 2 37 34 69 17 52 27 30 62 65 81
Route 27
FO: -97.323110
fast_of: -97.323110
Válida: t
74 2 37 34 69 31 66 33 27 68 62 24 59 6 3 38 41 81
Route 28
FO: -70.947707
fast_of: -70.947707
Válida: t
74 21 56 17 52 27 30 62 65 81
Route 29
FO: -77.184095
fast_of: -77.184095
Válida: t
74 29 64 34 69 17 52 27 62 14 20 49 55 81
Route 30
FO: -32.316853
fast_of: -32.316853
Válida: t
74 34 69 31 66 25 60 33 27 68 62 14 20 49 3 55 38 81
Route 31
FO: 0.000000
fast_of: 0.000000
Válida: t
74 17 52 27 62 20 3 55 38 81
Route 32
FO: -17.592562
fast_of: -13.054798
Válida: t
74 17 52 33 68 30 18 65 7 53 42 12 47 28 26 63 61 81
Route 33
FO: -47.900529
fast_of: -47.900529
Válida: t
74 17 52 27 62 24 59 28 63 81
Route 34
FO: -13.840695
fast_of: -8.369663
Válida: t
74 23 58 0 35 34 69 31 66 25 33 60 68 24 59 30 65 81
////////Airplane 5////////
Route 0
FO: -0.363212
fast_of: -0.363212
Válida: t
75 5 40 4 39 82
Route 1
FO: -66.796355
fast_of: -66.796355
Válida: t
75 22 57 5 40 4 39 82
Route 2
FO: -88.484267
fast_of: -88.484267
Válida: t
75 22 57 5 40 20 55 82
Route 3
FO: -74.853343
fast_of: -74.853343
Válida: t
75 82
Route 4
FO: -32.744427
fast_of: -32.744427
Válida: t
75 26 61 3 38 82
Route 5
FO: -87.519840
fast_of: -87.519840
Válida: t
75 22 57 26 61 3 38 82
Route 6
FO: -80.949871
fast_of: -80.949871
Válida: t
75 22 57 20 55 3 38 82
Route 7
FO: -74.781918
fast_of: -74.781918
Válida: t
75 33 27 68 62 82
Route 8
FO: -44.966593
fast_of: -44.966593
Válida: t
75 33 68 82
Route 9
FO: -91.688983
fast_of: -91.688983
Válida: t
75 21 56 82
Route 10
FO: -103.140743
fast_of: -103.140743
Válida: t
75 23 58 9 44 21 56 24 59 30 32 65 67 82
Route 11
FO: -65.678054
fast_of: -65.678054
Válida: t
75 12 47 82
Route 12
FO: -97.843711
fast_of: -97.843711
Válida: t
75 17 52 32 67 82
Route 13
FO: -64.565765
fast_of: -44.203734
Válida: t
75 30 65 7 42 3 38 82
Route 14
FO: -58.753852
fast_of: -58.753852
Válida: t
75 33 27 68 62 24 59 82
Route 15
FO: -65.651946
fast_of: -65.651946
Válida: t
75 9 44 32 67 82
Route 16
FO: -20.789972
fast_of: -20.789972
Válida: t
75 5 40 12 47 26 61 82
Route 17
FO: -66.319301
fast_of: -66.319301
Válida: t
75 27 62 18 53 82
Route 18
FO: -9.628565
fast_of: -9.628565
Válida: t
75 30 32 65 67 3 38 82
Route 19
FO: -30.289530
fast_of: -30.289530
Válida: t
75 33 68 32 4 39 67 82
Route 20
FO: -21.983028
fast_of: -17.445264
Válida: t
75 27 30 62 18 65 53 82
Route 21
FO: -89.514180
fast_of: -71.009731
Válida: t
75 16 51 23 58 21 56 17 52 30 32 65 67 82
Route 22
FO: -10.459578
fast_of: -10.459578
Válida: t
75 33 68 5 40 4 39 82
Route 23
FO: 0.000000
fast_of: 18.504449
Válida: t
75 16 51 8 43 21 56 17 52 30 5 40 32 65 67 3 38 82
Route 24
FO: -34.587320
fast_of: -34.587320
Válida: t
75 27 62 24 59 30 65 82
Route 25
FO: -23.834128
fast_of: -23.834128
Válida: t
75 5 40 4 39 1 36 82
Route 26
FO: 22.585687
fast_of: 27.123451
Válida: t
75 27 30 62 18 65 7 53 42 5 40 4 39 82
Route 27
FO: -4.644261
fast_of: -4.644261
Válida: t
75 27 30 65 62 28 63 82
////////Airplane 6////////
Route 0
FO: 0.000000
fast_of: 0.000000
Válida: t
76 13 48 2 37 22 57 21 56 83
Route 1
FO: -123.454235
fast_of: -104.949786
Válida: t
76 16 51 13 48 2 37 22 57 21 56 18 53 20 55 1 36 83
Route 2
FO: -194.191346
fast_of: -175.686897
Válida: t
76 16 51 0 35 34 69 22 57 21 56 18 53 20 55 1 36 83
Route 3
FO: -126.164954
fast_of: -126.164954
Válida: t
76 83
Route 4
FO: -74.192011
fast_of: -74.192011
Válida: t
76 13 48 21 56 30 65 20 55 83
Route 5
FO: -65.604558
fast_of: -65.604558
Válida: t
76 13 48 22 57 21 56 30 65 20 55 83
Route 6
FO: -222.470961
fast_of: -203.966512
Válida: t
76 16 51 22 57 21 56 30 65 20 55 83
Route 7
FO: -188.137823
fast_of: -169.633374
Válida: t
76 16 51 23 58 21 56 28 63 83
Route 8
FO: -53.669967
fast_of: -53.669967
Válida: t
76 30 32 65 67 28 63 83
Route 9
FO: -219.631707
fast_of: -201.127258
Válida: t
76 16 51 13 48 2 37 27 62 1 36 83
Route 10
FO: -137.618483
fast_of: -119.114034
Válida: t
76 16 51 0 35 34 69 21 56 17 52 30 65 83
Route 11
FO: -218.382200
fast_of: -199.877751
Válida: t
76 16 51 21 56 32 67 83
Route 12
FO: -85.493287
fast_of: -85.493287
Válida: t
76 23 58 24 59 12 47 30 65 83
Route 13
FO: -66.156250
fast_of: -66.156250
Válida: t
76 18 32 53 67 28 63 83
Route 14
FO: -89.840435
fast_of: -89.840435
Válida: t
76 34 69 32 67 3 38 83
Route 15
FO: -119.365415
fast_of: -99.003384
Válida: t
76 13 48 34 69 7 42 83
Route 16
FO: -81.733647
fast_of: -81.733647
Válida: t
76 2 37 22 57 27 30 62 65 83
Route 17
FO: -123.226527
fast_of: -102.864497
Válida: t
76 17 52 7 32 42 67 28 63 83
Route 18
FO: -86.237725
fast_of: -86.237725
Válida: t
76 10 45 34 69 21 56 17 52 27 62 24 59 30 65 83
Route 19
FO: -141.552377
fast_of: -141.552377
Válida: t
76 9 44 34 69 2 37 83
Route 20
FO: -34.305702
fast_of: -34.305702
Válida: t
76 13 48 2 37 22 57 31 66 1 36 83
Route 21
FO: 0.000000
fast_of: 0.000000
Válida: t
76 13 48 2 37 17 52 27 30 62 65 83
Route 22
FO: -35.030926
fast_of: -35.030926
Válida: t
76 13 48 34 69 25 60 27 62 24 59 30 65 83
Route 23
FO: 0.000000
fast_of: 0.000000
Válida: t
76 13 48 2 37 22 57 17 52 30 65 83
Route 24
FO: 0.000000
fast_of: 18.149551
Válida: t
76 24 18 59 53 32 67 28 3 26 63 38 61 83
Route 25
FO: -9.946675
fast_of: -3.045488
Válida: t
76 13 48 2 37 34 69 25 60 17 52 27 62 24 18 59 30 53 65 83
Route 26
FO: -3.248304
fast_of: -3.248304
Válida: t
76 13 48 2 37 22 57 17 52 27 62 24 59 30 65 83
Route 27
FO: 21.326975
fast_of: 36.794181
Válida: t
76 13 48 2 37 22 34 69 31 66 25 60 57 33 27 68 30 62 65 83
Route 28
FO: 0.000000
fast_of: 0.000000
Válida: t
76 13 48 2 37 22 57 21 56 83
Route 29
FO: -11.917100
fast_of: -11.917100
Válida: t
76 13 48 2 37 34 69 21 56 83
Route 30
FO: 0.000000
fast_of: 0.000000
Válida: t
76 13 48 2 37 34 69 21 56 17 52 27 62 24 59 30 65 83
Route 31
FO: -6.532816
fast_of: -6.532816
Válida: t
76 13 48 2 37 22 57 31 66 25 60 27 62 24 59 30 65 83
Route 32
FO: -0.988592
fast_of: 3.738253
Válida: t
76 10 45 24 18 59 53 12 47 28 3 63 38 83
Route 33
FO: 10.956029
fast_of: 26.423235
Válida: t
76 13 48 2 37 22 31 66 25 60 57 27 62 24 59 28 26 63 61 83
Route 34
FO: -4.298214
fast_of: -4.298214
Válida: t
76 13 48 2 37 22 57 21 56 3 38 1 36 83
Route 35
FO: 0.966053
fast_of: 13.855391
Válida: t
76 13 48 2 37 22 17 52 57 21 56 83
