Airplane 0
70 29 64 23 58 0 35 34 69 7 18 53 42 77
Tiempos:
(0.000000, 43.498559) (64.000000, 64.000000) (82.714023, 82.714023) (107.447994, 107.447994) (145.960944, 171.586312) (175.000000, 175.000000) (209.240086, 261.688859) (270.000000, 270.000000) (281.922739, 403.365132) (414.000000, 414.000000) (437.160882, 437.160882) (463.787998, 463.787998) (466.716117, 466.716117) (472.425248, 472.425248) 
Utility: 1169.694846

Airplane 1
71 9 44 25 60 31 66 33 68 32 5 40 12 47 67 19 3 38 54 1 36 78
Tiempos:
(0.000000, 79.440206) (96.000000, 96.000000) (125.519511, 284.509742) (332.122172, 300.000000) (349.701400, 317.579228) (309.000000, 337.630413) (319.401653, 348.032066) (322.000000, 374.805503) (358.000000, 420.771811) (480.639152, 437.000000) (436.000000, 463.154807) (439.000000, 466.847096) (423.000000, 480.257162) (439.883151, 497.140313) (478.000000, 502.488364) (496.000000, 518.720849) (529.000000, 529.000000) (549.000000, 549.425750) (538.000000, 561.286973) (522.000000, 568.617270) (562.000000, 609.352232) (0.000000, 613.467979) 
Utility: 1471.095338

Airplane 2
72 10 45 17 52 27 30 65 62 20 55 26 61 79
Tiempos:
(0.000000, 163.701765) (169.000000, 169.000000) (173.054067, 278.637996) (293.000000, 293.000000) (316.818236, 368.866497) (378.000000, 390.383780) (406.000000, 406.000000) (434.325479, 434.325479) (462.739911, 467.668224) (477.000000, 477.000000) (517.738791, 524.822552) (538.000000, 538.000000) (555.030862, 555.030862) (583.301583, 583.301583) 
Utility: 1285.919228

Airplane 3
73 16 51 8 43 24 59 28 63 80
Tiempos:
(0.000000, 8.153812) (24.000000, 24.000000) (58.842554, 58.842554) (81.729110, 81.729110) (111.256347, 400.474982) (410.000000, 410.000000) (427.184982, 538.776140) (549.000000, 549.000000) (582.779780, 582.779780) (609.550210, 609.550210) 
Utility: 898.484394

Airplane 4

Airplane 5

Airplane 6
76 13 48 2 37 22 57 21 56 83
Tiempos:
(0.000000, 84.433785) (112.000000, 112.000000) (124.021712, 252.088401) (256.000000, 256.000000) (261.084282, 263.637513) (267.000000, 267.000000) (306.733843, 306.733843) (322.490267, 322.490267) (344.244953, 344.244953) (346.211742, 346.211742) 
Utility: 1121.061963

Total utility: 5946.255770
Tiempo total: 144.983313s
Corridas internas: 7
